"If Unique, Value = 1",AIRPORT,Year_Ended_December,Rank,Dom_Pax_In,Dom_Pax_Out,Dom_Pax_Total,Int_Pax_In,Int_Pax_Out,Int_Pax_Total,Pax_In,Pax_Out,Pax_Total
1,ADELAIDE,1985,4,957880,953867,1911747,55353,52681,108034,1013233,1006548,2019781
0,ADELAIDE,1986,4,991011,987422,1978433,70273,66298,136571,1061284,1053720,2115004
0,ADELAIDE,1987,5,1004223,1004620,2008843,71765,67927,139692,1075988,1072547,2148535
0,ADELAIDE,1988,4,1082379,1081872,2164251,72473,68411,140884,1154852,1150283,2305135
0,ADELAIDE,1989,5,864156,870896,1735052,75625,71553,147178,939781,942449,1882230
0,ADELAIDE,1990,5,1050530,1057316,2107846,92869,88528,181397,1143399,1145844,2289243
0,ADELAIDE,1991,5,1312333,1317683,2630016,96960,95124,192084,1409293,1412807,2822100
0,ADELAIDE,1992,4,1363408,1366447,2729855,103932,100531,204463,1467340,1466978,2934318
0,ADELAIDE,1993,5,1452121,1457774,2909895,112290,104129,216419,1564411,1561903,3126314
0,ADELAIDE,1994,5,1578541,1596209,3174750,111407,102949,214356,1689948,1699158,3389106
0,ADELAIDE,1995,5,1704117,1715577,3419694,107676,99945,207621,1811793,1815522,3627315
0,ADELAIDE,1996,5,1777723,1782106,3559829,103704,102159,205863,1881427,1884265,3765692
0,ADELAIDE,1997,5,1815098,1821304,3636402,105895,102995,208890,1920993,1924299,3845292
0,ADELAIDE,1998,5,1893971,1895487,3789458,112689,110346,223035,2006660,2005833,4012493
0,ADELAIDE,1999,5,1925483,1935427,3860910,123513,117501,241014,2048996,2052928,4101924
0,ADELAIDE,2000,5,1983734,1979425,3963159,139535,130564,270099,2123269,2109989,4233258
0,ADELAIDE,2001,5,2088198,2094282,4182480,124361,117483,241844,2212559,2211765,4424324
0,ADELAIDE,2002,5,1996080,1998230,3994310,115448,108903,224351,2111528,2107133,4218661
0,ADELAIDE,2003,5,2188997,2195098,4384095,107577,99272,206849,2296574,2294370,4590944
0,ADELAIDE,2004,5,2415418,2424467,4839885,147055,139028,286083,2562473,2563495,5125968
0,ADELAIDE,2005,5,2621067,2640610,5261677,172571,161727,334298,2793638,2802337,5595975
0,ADELAIDE,2006,5,2793335,2798978,5592313,209029,191460,400489,3002364,2990438,5992802
0,ADELAIDE,2007,5,2946819,2959610,5906429,234751,220398,455149,3181570,3180008,6361578
0,ADELAIDE,2008,5,3127058,3143311,6270369,249375,230304,479679,3376433,3373615,6750048
0,ADELAIDE,2009,5,3164872,3175476,6340348,257754,243645,501399,3422626,3419121,6841747
0,ADELAIDE,2010,5,3374605,3383607,6758212,273337,259055,532392,3647942,3642662,7290604
0,ADELAIDE,2011,5,3221062,3217272,6438334,296137,286936,583073,3517199,3504208,7021407
0,ADELAIDE,2012,5,3208500,3208315,6416815,330842,319235,650077,3539342,3527550,7066892
0,ADELAIDE,2013,5,3285242,3289047,6574289,406878,392707,799585,3692120,3681754,7373874
0,ADELAIDE,2014,5,3364494,3367105,6731599,488795,478470,967265,3853289,3845575,7698864
0,ADELAIDE,2015,5,3402848,3396933,6799781,438120,433268,871388,3840968,3830201,7671169
0,ADELAIDE,2016,5,3502850,3493144,6995994,460538,463641,924179,3963388,3956785,7920173
0,ADELAIDE,2017,5,3577907,3571052,7148959,484696,478279,962975,4062603,4049331,8111934
0,ADELAIDE,2018,5,3662255,3658087,7320342,515561,510400,1025961,4177816,4168487,8346303
1,ALBANY,1985,-,6330,6313,12643,0,0,0,6330,6313,12643
0,ALBANY,1986,-,7298,7152,14450,0,0,0,7298,7152,14450
0,ALBANY,1987,-,7601,7497,15098,0,0,0,7601,7497,15098
0,ALBANY,1988,-,7729,7764,15493,0,0,0,7729,7764,15493
0,ALBANY,1989,-,7173,7223,14396,0,0,0,7173,7223,14396
0,ALBANY,1990,-,7428,7390,14818,0,0,0,7428,7390,14818
0,ALBANY,1991,-,7434,7159,14593,0,0,0,7434,7159,14593
0,ALBANY,1992,-,7485,7526,15011,0,0,0,7485,7526,15011
0,ALBANY,1993,-,8192,8032,16224,0,0,0,8192,8032,16224
0,ALBANY,1994,-,9492,9464,18956,0,0,0,9492,9464,18956
0,ALBANY,1995,-,12176,12008,24184,0,0,0,12176,12008,24184
0,ALBANY,1996,-,15007,14986,29993,0,0,0,15007,14986,29993
0,ALBANY,1997,-,16225,15843,32068,0,0,0,16225,15843,32068
0,ALBANY,1998,-,17543,17296,34839,0,0,0,17543,17296,34839
0,ALBANY,1999,-,19973,19931,39904,0,0,0,19973,19931,39904
0,ALBANY,2000,-,22150,21872,44022,0,0,0,22150,21872,44022
0,ALBANY,2001,-,18883,18915,37798,0,0,0,18883,18915,37798
0,ALBANY,2002,-,16837,16991,33828,0,0,0,16837,16991,33828
0,ALBANY,2003,-,17622,17620,35242,0,0,0,17622,17620,35242
0,ALBANY,2004,-,20548,20330,40878,0,0,0,20548,20330,40878
0,ALBANY,2005,-,22681,22939,45620,0,0,0,22681,22939,45620
0,ALBANY,2006,56,25820,25884,51704,0,0,0,25820,25884,51704
0,ALBANY,2007,57,27243,27395,54638,0,0,0,27243,27395,54638
0,ALBANY,2008,59,28406,28435,56841,0,0,0,28406,28435,56841
0,ALBANY,2009,59,25016,25365,50381,0,0,0,25016,25365,50381
0,ALBANY,2010,55,27289,27113,54402,0,0,0,27289,27113,54402
0,ALBANY,2011,59,29274,29089,58363,0,0,0,29274,29089,58363
0,ALBANY,2012,58,29502,29496,58998,0,0,0,29502,29496,58998
0,ALBANY,2013,57,29380,29523,58903,0,0,0,29380,29523,58903
0,ALBANY,2014,56,29996,30059,60055,0,0,0,29996,30059,60055
0,ALBANY,2015,59,26791,26766,53557,0,0,0,26791,26766,53557
0,ALBANY,2016,58,27069,27338,54407,0,0,0,27069,27338,54407
0,ALBANY,2017,61,28117,28444,56561,0,0,0,28117,28444,56561
0,ALBANY,2018,60,30109,30524,60633,0,0,0,30109,30524,60633
1,ALBURY,1985,15,133837,132536,266373,0,0,0,133837,132536,266373
0,ALBURY,1986,16,140242,139806,280048,0,0,0,140242,139806,280048
0,ALBURY,1987,16,129544,128137,257681,0,0,0,129544,128137,257681
0,ALBURY,1988,17,100096,99269,199365,0,0,0,100096,99269,199365
0,ALBURY,1989,19,56835,56776,113611,0,0,0,56835,56776,113611
0,ALBURY,1990,24,47392,46707,94099,0,0,0,47392,46707,94099
0,ALBURY,1991,23,54748,55298,110046,0,0,0,54748,55298,110046
0,ALBURY,1992,23,59819,58559,118378,0,0,0,59819,58559,118378
0,ALBURY,1993,22,62158,62801,124959,0,0,0,62158,62801,124959
0,ALBURY,1994,23,71409,71862,143271,0,0,0,71409,71862,143271
0,ALBURY,1995,23,74539,73971,148510,0,0,0,74539,73971,148510
0,ALBURY,1996,23,75765,76325,152090,0,0,0,75765,76325,152090
0,ALBURY,1997,23,78085,78540,156625,0,0,0,78085,78540,156625
0,ALBURY,1998,23,78407,78379,156786,0,0,0,78407,78379,156786
0,ALBURY,1999,25,78589,78993,157582,0,0,0,78589,78993,157582
0,ALBURY,2000,24,83572,83623,167195,0,0,0,83572,83623,167195
0,ALBURY,2001,24,72600,71884,144484,0,0,0,72600,71884,144484
0,ALBURY,2002,25,62926,62043,124969,0,0,0,62926,62043,124969
0,ALBURY,2003,24,70889,70981,141870,0,0,0,70889,70981,141870
0,ALBURY,2004,24,88308,88592,176900,0,0,0,88308,88592,176900
0,ALBURY,2005,26,95424,95348,190772,0,0,0,95424,95348,190772
0,ALBURY,2006,25,102111,102355,204466,0,0,0,102111,102355,204466
0,ALBURY,2007,26,109138,110874,220012,0,0,0,109138,110874,220012
0,ALBURY,2008,24,140183,138131,278314,0,0,0,140183,138131,278314
0,ALBURY,2009,24,141601,140600,282201,0,0,0,141601,140600,282201
0,ALBURY,2010,24,146339,145460,291799,0,0,0,146339,145460,291799
0,ALBURY,2011,26,140033,140438,280471,0,0,0,140033,140438,280471
0,ALBURY,2012,29,137996,138766,276762,0,0,0,137996,138766,276762
0,ALBURY,2013,27,129103,130343,259446,0,0,0,129103,130343,259446
0,ALBURY,2014,29,123256,124551,247807,0,0,0,123256,124551,247807
0,ALBURY,2015,28,119487,119967,239454,0,0,0,119487,119967,239454
0,ALBURY,2016,28,125564,125790,251354,0,0,0,125564,125790,251354
0,ALBURY,2017,28,132538,133054,265592,0,0,0,132538,133054,265592
0,ALBURY,2018,28,128157,129177,257334,0,0,0,128157,129177,257334
1,ALICE SPRINGS,1985,12,246496,247102,493598,0,0,0,246496,247102,493598
0,ALICE SPRINGS,1986,10,300054,298834,598888,0,0,0,300054,298834,598888
0,ALICE SPRINGS,1987,10,342412,346651,689063,0,0,0,342412,346651,689063
0,ALICE SPRINGS,1988,10,364014,366656,730670,0,0,0,364014,366656,730670
0,ALICE SPRINGS,1989,10,249855,251325,501180,0,0,0,249855,251325,501180
0,ALICE SPRINGS,1990,9,328047,330009,658056,0,0,0,328047,330009,658056
0,ALICE SPRINGS,1991,9,355306,357022,712328,0,0,0,355306,357022,712328
0,ALICE SPRINGS,1992,9,368621,371848,740469,0,0,0,368621,371848,740469
0,ALICE SPRINGS,1993,9,424882,430264,855146,0,0,0,424882,430264,855146
0,ALICE SPRINGS,1994,9,461370,471679,933049,0,0,0,461370,471679,933049
0,ALICE SPRINGS,1995,9,447523,461249,908772,0,0,0,447523,461249,908772
0,ALICE SPRINGS,1996,11,407053,416644,823697,0,0,0,407053,416644,823697
0,ALICE SPRINGS,1997,11,387807,394722,782529,0,0,0,387807,394722,782529
0,ALICE SPRINGS,1998,11,393923,402098,796021,0,0,0,393923,402098,796021
0,ALICE SPRINGS,1999,11,390960,399665,790625,0,0,0,390960,399665,790625
0,ALICE SPRINGS,2000,11,375679,383595,759274,0,0,0,375679,383595,759274
0,ALICE SPRINGS,2001,12,314744,320971,635715,0,0,0,314744,320971,635715
0,ALICE SPRINGS,2002,13,274176,280058,554234,0,0,0,274176,280058,554234
0,ALICE SPRINGS,2003,13,290275,296142,586417,0,0,0,290275,296142,586417
0,ALICE SPRINGS,2004,13,301381,308527,609908,0,0,0,301381,308527,609908
0,ALICE SPRINGS,2005,16,294444,304636,599080,0,0,0,294444,304636,599080
0,ALICE SPRINGS,2006,16,303755,315134,618889,0,0,0,303755,315134,618889
0,ALICE SPRINGS,2007,17,307563,315962,623525,0,0,0,307563,315962,623525
0,ALICE SPRINGS,2008,17,322350,328530,650880,0,0,0,322350,328530,650880
0,ALICE SPRINGS,2009,17,334149,340752,674901,0,0,0,334149,340752,674901
0,ALICE SPRINGS,2010,17,330580,338264,668844,0,0,0,330580,338264,668844
0,ALICE SPRINGS,2011,18,296213,302536,598749,0,0,0,296213,302536,598749
0,ALICE SPRINGS,2012,18,287664,292088,579752,0,0,0,287664,292088,579752
0,ALICE SPRINGS,2013,18,325402,329843,655245,0,0,0,325402,329843,655245
0,ALICE SPRINGS,2014,18,309321,311748,621069,0,0,0,309321,311748,621069
0,ALICE SPRINGS,2015,18,293873,299637,593510,0,0,0,293873,299637,593510
0,ALICE SPRINGS,2016,16,304462,307712,612174,0,0,0,304462,307712,612174
0,ALICE SPRINGS,2017,16,307898,310595,618493,0,0,0,307898,310595,618493
0,ALICE SPRINGS,2018,16,308370,313042,621412,0,0,0,308370,313042,621412
1,ARMIDALE,1985,35,36907,36972,73879,0,0,0,36907,36972,73879
0,ARMIDALE,1986,32,41100,40245,81345,0,0,0,41100,40245,81345
0,ARMIDALE,1987,28,44464,44133,88597,0,0,0,44464,44133,88597
0,ARMIDALE,1988,32,39352,39069,78421,0,0,0,39352,39069,78421
0,ARMIDALE,1989,-,23031,22499,45530,0,0,0,23031,22499,45530
0,ARMIDALE,1990,-,24836,24608,49444,0,0,0,24836,24608,49444
0,ARMIDALE,1991,42,25140,24942,50082,0,0,0,25140,24942,50082
0,ARMIDALE,1992,44,25985,25960,51945,0,0,0,25985,25960,51945
0,ARMIDALE,1993,42,29336,29190,58526,0,0,0,29336,29190,58526
0,ARMIDALE,1994,43,32863,32809,65672,0,0,0,32863,32809,65672
0,ARMIDALE,1995,43,33367,33067,66434,0,0,0,33367,33067,66434
0,ARMIDALE,1996,43,32341,31901,64242,0,0,0,32341,31901,64242
0,ARMIDALE,1997,44,32581,32375,64956,0,0,0,32581,32375,64956
0,ARMIDALE,1998,43,34260,34172,68432,0,0,0,34260,34172,68432
0,ARMIDALE,1999,44,32969,33141,66110,0,0,0,32969,33141,66110
0,ARMIDALE,2000,42,37468,37257,74725,0,0,0,37468,37257,74725
0,ARMIDALE,2001,41,34723,34487,69210,0,0,0,34723,34487,69210
0,ARMIDALE,2002,42,29634,29471,59105,0,0,0,29634,29471,59105
0,ARMIDALE,2003,45,30385,30254,60639,0,0,0,30385,30254,60639
0,ARMIDALE,2004,42,36698,36999,73697,0,0,0,36698,36999,73697
0,ARMIDALE,2005,38,48802,48570,97372,0,0,0,48802,48570,97372
0,ARMIDALE,2006,42,47031,47469,94500,0,0,0,47031,47469,94500
0,ARMIDALE,2007,45,44667,45457,90124,0,0,0,44667,45457,90124
0,ARMIDALE,2008,45,47363,47525,94888,0,0,0,47363,47525,94888
0,ARMIDALE,2009,43,49017,48845,97862,0,0,0,49017,48845,97862
0,ARMIDALE,2010,43,52400,52253,104653,0,0,0,52400,52253,104653
0,ARMIDALE,2011,43,52317,52122,104439,0,0,0,52317,52122,104439
0,ARMIDALE,2012,45,53910,53478,107388,0,0,0,53910,53478,107388
0,ARMIDALE,2013,46,53829,54197,108026,0,0,0,53829,54197,108026
0,ARMIDALE,2014,45,61550,61824,123374,0,0,0,61550,61824,123374
0,ARMIDALE,2015,44,62728,62607,125335,0,0,0,62728,62607,125335
0,ARMIDALE,2016,42,64206,64653,128859,0,0,0,64206,64653,128859
0,ARMIDALE,2017,43,66068,66176,132244,0,0,0,66068,66176,132244
0,ARMIDALE,2018,42,64566,64070,128636,0,0,0,64566,64070,128636
1,AURUKUN,1985,-,2122,2075,4197,0,0,0,2122,2075,4197
0,AURUKUN,1986,-,2160,2079,4239,0,0,0,2160,2079,4239
0,AURUKUN,1987,-,1262,1156,2418,0,0,0,1262,1156,2418
0,AURUKUN,1988,-,0,0,0,0,0,0,0,0,0
0,AURUKUN,1989,-,0,0,0,0,0,0,0,0,0
0,AURUKUN,1990,-,295,297,592,0,0,0,295,297,592
0,AURUKUN,1991,-,1085,1025,2110,0,0,0,1085,1025,2110
0,AURUKUN,1992,-,1074,898,1972,0,0,0,1074,898,1972
0,AURUKUN,1993,-,877,764,1641,0,0,0,877,764,1641
0,AURUKUN,1994,-,0,0,0,0,0,0,0,0,0
0,AURUKUN,1995,-,0,0,0,0,0,0,0,0,0
0,AURUKUN,1996,-,500,500,1000,0,0,0,500,500,1000
0,AURUKUN,1997,-,1055,995,2050,0,0,0,1055,995,2050
0,AURUKUN,1998,-,1087,1003,2090,0,0,0,1087,1003,2090
0,AURUKUN,1999,-,1059,1028,2087,0,0,0,1059,1028,2087
0,AURUKUN,2000,-,925,830,1755,0,0,0,925,830,1755
0,AURUKUN,2001,-,1086,1005,2091,0,0,0,1086,1005,2091
0,AURUKUN,2002,-,1229,1100,2329,0,0,0,1229,1100,2329
0,AURUKUN,2003,-,1333,1185,2518,0,0,0,1333,1185,2518
0,AURUKUN,2004,-,1327,1212,2539,0,0,0,1327,1212,2539
0,AURUKUN,2005,-,1629,1587,3216,0,0,0,1629,1587,3216
0,AURUKUN,2006,-,1720,1603,3323,0,0,0,1720,1603,3323
0,AURUKUN,2007,-,1644,1592,3236,0,0,0,1644,1592,3236
0,AURUKUN,2008,-,3550,3613,7163,0,0,0,3550,3613,7163
0,AURUKUN,2009,-,4042,4159,8201,0,0,0,4042,4159,8201
0,AURUKUN,2010,-,3894,3962,7856,0,0,0,3894,3962,7856
0,AURUKUN,2011,-,3112,3100,6212,0,0,0,3112,3100,6212
0,AURUKUN,2012,-,3206,3087,6293,0,0,0,3206,3087,6293
0,AURUKUN,2013,-,3114,2968,6082,0,0,0,3114,2968,6082
0,AURUKUN,2014,-,2947,2936,5883,0,0,0,2947,2936,5883
0,AURUKUN,2015,-,2426,2462,4888,0,0,0,2426,2462,4888
0,AURUKUN,2016,-,3430,3344,6774,0,0,0,3430,3344,6774
0,AURUKUN,2017,-,5874,5848,11722,0,0,0,5874,5848,11722
0,AURUKUN,2018,-,7220,7129,14349,0,0,0,7220,7129,14349
1,AYERS ROCK,1985,34,35753,38364,74117,0,0,0,35753,38364,74117
0,AYERS ROCK,1986,23,47432,50189,97621,0,0,0,47432,50189,97621
0,AYERS ROCK,1987,22,62774,64996,127770,0,0,0,62774,64996,127770
0,AYERS ROCK,1988,24,53734,56000,109734,0,0,0,53734,56000,109734
0,AYERS ROCK,1989,32,28800,29005,57805,0,0,0,28800,29005,57805
0,AYERS ROCK,1990,27,43396,44442,87838,0,0,0,43396,44442,87838
0,AYERS ROCK,1991,20,62259,65161,127420,0,0,0,62259,65161,127420
0,AYERS ROCK,1992,18,78783,80999,159782,0,0,0,78783,80999,159782
0,AYERS ROCK,1993,17,109693,110620,220313,0,0,0,109693,110620,220313
0,AYERS ROCK,1994,16,135513,133656,269169,0,0,0,135513,133656,269169
0,AYERS ROCK,1995,16,152097,146887,298984,0,0,0,152097,146887,298984
0,AYERS ROCK,1996,14,183504,181930,365434,0,0,0,183504,181930,365434
0,AYERS ROCK,1997,14,203894,203581,407475,0,0,0,203894,203581,407475
0,AYERS ROCK,1998,14,198851,197903,396754,0,0,0,198851,197903,396754
0,AYERS ROCK,1999,14,216186,216273,432459,0,0,0,216186,216273,432459
0,AYERS ROCK,2000,14,224111,225836,449947,0,0,0,224111,225836,449947
0,AYERS ROCK,2001,14,199622,200085,399707,0,0,0,199622,200085,399707
0,AYERS ROCK,2002,14,184278,184892,369170,0,0,0,184278,184892,369170
0,AYERS ROCK,2003,17,164874,164262,329136,0,0,0,164874,164262,329136
0,AYERS ROCK,2004,19,173000,172175,345175,0,0,0,173000,172175,345175
0,AYERS ROCK,2005,19,188137,187177,375314,0,0,0,188137,187177,375314
0,AYERS ROCK,2006,19,193957,189676,383633,0,0,0,193957,189676,383633
0,AYERS ROCK,2007,19,190059,187940,377999,0,0,0,190059,187940,377999
0,AYERS ROCK,2008,21,168657,169620,338277,0,0,0,168657,169620,338277
0,AYERS ROCK,2009,23,147040,148415,295455,0,0,0,147040,148415,295455
0,AYERS ROCK,2010,23,147113,146696,293809,0,0,0,147113,146696,293809
0,AYERS ROCK,2011,24,149558,148852,298410,0,0,0,149558,148852,298410
0,AYERS ROCK,2012,27,141478,144124,285602,0,0,0,141478,144124,285602
0,AYERS ROCK,2013,31,115553,117841,233394,0,0,0,115553,117841,233394
0,AYERS ROCK,2014,26,136268,139067,275335,0,0,0,136268,139067,275335
0,AYERS ROCK,2015,27,158271,158505,316776,0,0,0,158271,158505,316776
0,AYERS ROCK,2016,24,178243,181163,359406,0,0,0,178243,181163,359406
0,AYERS ROCK,2017,24,181772,184192,365964,0,0,0,181772,184192,365964
0,AYERS ROCK,2018,22,207359,208957,416316,0,0,0,207359,208957,416316
1,BALLINA,1985,-,0,0,0,0,0,0,0,0,0
0,BALLINA,1986,-,521,404,925,0,0,0,521,404,925
0,BALLINA,1987,-,13256,10423,23679,0,0,0,13256,10423,23679
0,BALLINA,1988,-,16825,13374,30199,0,0,0,16825,13374,30199
0,BALLINA,1989,-,11132,9510,20642,0,0,0,11132,9510,20642
0,BALLINA,1990,38,26838,23468,50306,0,0,0,26838,23468,50306
0,BALLINA,1991,38,27474,27010,54484,0,0,0,27474,27010,54484
0,BALLINA,1992,37,33230,32633,65863,0,0,0,33230,32633,65863
0,BALLINA,1993,40,32077,32093,64170,0,0,0,32077,32093,64170
0,BALLINA,1994,41,36242,36746,72988,0,0,0,36242,36746,72988
0,BALLINA,1995,39,38361,37915,76276,0,0,0,38361,37915,76276
0,BALLINA,1996,37,42100,40609,82709,0,0,0,42100,40609,82709
0,BALLINA,1997,35,47051,46898,93949,0,0,0,47051,46898,93949
0,BALLINA,1998,34,49186,49372,98558,0,0,0,49186,49372,98558
0,BALLINA,1999,32,53256,53600,106856,0,0,0,53256,53600,106856
0,BALLINA,2000,34,49319,49405,98724,0,0,0,49319,49405,98724
0,BALLINA,2001,33,45378,45645,91023,0,0,0,45378,45645,91023
0,BALLINA,2002,33,42630,42931,85561,0,0,0,42630,42931,85561
0,BALLINA,2003,37,39933,40405,80338,0,0,0,39933,40405,80338
0,BALLINA,2004,29,68593,69487,138080,0,0,0,68593,69487,138080
0,BALLINA,2005,24,113117,114534,227651,0,0,0,113117,114534,227651
0,BALLINA,2006,22,154035,156229,310264,0,0,0,154035,156229,310264
0,BALLINA,2007,23,158320,159433,317753,0,0,0,158320,159433,317753
0,BALLINA,2008,23,159495,159560,319055,0,0,0,159495,159560,319055
0,BALLINA,2009,22,158338,159976,318314,0,0,0,158338,159976,318314
0,BALLINA,2010,25,134287,134602,268889,0,0,0,134287,134602,268889
0,BALLINA,2011,23,154145,156354,310499,0,0,0,154145,156354,310499
0,BALLINA,2012,24,172140,173871,346011,0,0,0,172140,173871,346011
0,BALLINA,2013,25,190200,192147,382347,0,0,0,190200,192147,382347
0,BALLINA,2014,22,205441,208754,414195,0,0,0,205441,208754,414195
0,BALLINA,2015,20,226242,228656,454898,0,0,0,226242,228656,454898
0,BALLINA,2016,20,244310,243613,487923,0,0,0,244310,243613,487923
0,BALLINA,2017,18,254601,254978,509579,0,0,0,254601,254978,509579
0,BALLINA,2018,18,268933,269247,538180,0,0,0,268933,269247,538180
1,BAMAGA,1985,-,2411,2475,4886,0,0,0,2411,2475,4886
0,BAMAGA,1986,-,3145,3607,6752,0,0,0,3145,3607,6752
0,BAMAGA,1987,-,3988,3964,7952,0,0,0,3988,3964,7952
0,BAMAGA,1988,-,4395,4479,8874,0,0,0,4395,4479,8874
0,BAMAGA,1989,-,4178,4252,8430,0,0,0,4178,4252,8430
0,BAMAGA,1990,-,1870,2427,4297,0,0,0,1870,2427,4297
0,BAMAGA,1991,-,4373,4540,8913,0,0,0,4373,4540,8913
0,BAMAGA,1992,-,5553,5819,11372,0,0,0,5553,5819,11372
0,BAMAGA,1993,-,4495,4577,9072,0,0,0,4495,4577,9072
0,BAMAGA,1994,-,4360,4743,9103,0,0,0,4360,4743,9103
0,BAMAGA,1995,-,4195,4918,9113,0,0,0,4195,4918,9113
0,BAMAGA,1996,-,3213,3357,6570,0,0,0,3213,3357,6570
0,BAMAGA,1997,-,4477,4633,9110,0,0,0,4477,4633,9110
0,BAMAGA,1998,-,5168,5462,10630,0,0,0,5168,5462,10630
0,BAMAGA,1999,-,5482,5699,11181,0,0,0,5482,5699,11181
0,BAMAGA,2000,-,4261,4641,8902,0,0,0,4261,4641,8902
0,BAMAGA,2001,-,2145,1965,4110,0,0,0,2145,1965,4110
0,BAMAGA,2002,-,0,0,0,0,0,0,0,0,0
0,BAMAGA,2003,-,0,0,0,0,0,0,0,0,0
0,BAMAGA,2004,-,0,0,0,0,0,0,0,0,0
0,BAMAGA,2005,-,0,0,0,0,0,0,0,0,0
0,BAMAGA,2006,-,0,0,0,0,0,0,0,0,0
0,BAMAGA,2007,-,0,0,0,0,0,0,0,0,0
0,BAMAGA,2008,-,5653,6009,11662,0,0,0,5653,6009,11662
0,BAMAGA,2009,-,5504,6381,11885,0,0,0,5504,6381,11885
0,BAMAGA,2010,-,7272,8204,15476,0,0,0,7272,8204,15476
0,BAMAGA,2011,-,6576,7089,13665,0,0,0,6576,7089,13665
0,BAMAGA,2012,-,5771,6397,12168,0,0,0,5771,6397,12168
0,BAMAGA,2013,-,5961,6171,12132,0,0,0,5961,6171,12132
0,BAMAGA,2014,-,5914,6315,12229,0,0,0,5914,6315,12229
0,BAMAGA,2015,-,4904,5477,10381,0,0,0,4904,5477,10381
0,BAMAGA,2016,-,6766,7379,14145,0,0,0,6766,7379,14145
0,BAMAGA,2017,-,8934,9439,18373,0,0,0,8934,9439,18373
0,BAMAGA,2018,-,10372,10949,21321,0,0,0,10372,10949,21321
1,BATHURST,1985,-,6185,6201,12386,0,0,0,6185,6201,12386
0,BATHURST,1986,-,6632,6632,13264,0,0,0,6632,6632,13264
0,BATHURST,1987,-,6863,6848,13711,0,0,0,6863,6848,13711
0,BATHURST,1988,-,6899,6902,13801,0,0,0,6899,6902,13801
0,BATHURST,1989,-,4799,4889,9688,0,0,0,4799,4889,9688
0,BATHURST,1990,-,5076,4959,10035,0,0,0,5076,4959,10035
0,BATHURST,1991,-,5618,5773,11391,0,0,0,5618,5773,11391
0,BATHURST,1992,-,7165,7751,14916,0,0,0,7165,7751,14916
0,BATHURST,1993,-,7857,8056,15913,0,0,0,7857,8056,15913
0,BATHURST,1994,-,8486,8701,17187,0,0,0,8486,8701,17187
0,BATHURST,1995,-,8300,8310,16610,0,0,0,8300,8310,16610
0,BATHURST,1996,-,8487,8082,16569,0,0,0,8487,8082,16569
0,BATHURST,1997,-,8197,8045,16242,0,0,0,8197,8045,16242
0,BATHURST,1998,-,9227,9311,18538,0,0,0,9227,9311,18538
0,BATHURST,1999,-,9350,9045,18395,0,0,0,9350,9045,18395
0,BATHURST,2000,-,9561,9171,18732,0,0,0,9561,9171,18732
0,BATHURST,2001,-,7515,7120,14635,0,0,0,7515,7120,14635
0,BATHURST,2002,-,6854,6994,13848,0,0,0,6854,6994,13848
0,BATHURST,2003,-,6942,6884,13826,0,0,0,6942,6884,13826
0,BATHURST,2004,-,9405,9242,18647,0,0,0,9405,9242,18647
0,BATHURST,2005,-,10110,10112,20222,0,0,0,10110,10112,20222
0,BATHURST,2006,-,11598,11476,23074,0,0,0,11598,11476,23074
0,BATHURST,2007,-,12207,12370,24577,0,0,0,12207,12370,24577
0,BATHURST,2008,-,11868,11958,23826,0,0,0,11868,11958,23826
0,BATHURST,2009,-,11609,11709,23318,0,0,0,11609,11709,23318
0,BATHURST,2010,-,12619,12926,25545,0,0,0,12619,12926,25545
0,BATHURST,2011,-,13644,13355,26999,0,0,0,13644,13355,26999
0,BATHURST,2012,-,11164,11105,22269,0,0,0,11164,11105,22269
0,BATHURST,2013,-,9789,9828,19617,0,0,0,9789,9828,19617
0,BATHURST,2014,-,9573,9557,19130,0,0,0,9573,9557,19130
0,BATHURST,2015,-,8999,8708,17707,0,0,0,8999,8708,17707
0,BATHURST,2016,-,10291,10168,20459,0,0,0,10291,10168,20459
0,BATHURST,2017,-,10309,10147,20456,0,0,0,10309,10147,20456
0,BATHURST,2018,-,10380,10367,20747,0,0,0,10380,10367,20747
1,BATHURST ISLAND,1985,-,5937,4659,10596,0,0,0,5937,4659,10596
0,BATHURST ISLAND,1986,-,4141,3800,7941,0,0,0,4141,3800,7941
0,BATHURST ISLAND,1987,-,5143,4350,9493,0,0,0,5143,4350,9493
0,BATHURST ISLAND,1988,-,6997,5328,12325,0,0,0,6997,5328,12325
0,BATHURST ISLAND,1989,-,1110,923,2033,0,0,0,1110,923,2033
0,BATHURST ISLAND,1990,-,0,0,0,0,0,0,0,0,0
0,BATHURST ISLAND,1991,-,856,833,1689,0,0,0,856,833,1689
0,BATHURST ISLAND,1992,-,4296,3758,8054,0,0,0,4296,3758,8054
0,BATHURST ISLAND,1993,-,4481,4027,8508,0,0,0,4481,4027,8508
0,BATHURST ISLAND,1994,-,3697,3413,7110,0,0,0,3697,3413,7110
0,BATHURST ISLAND,1995,-,2856,2856,5712,0,0,0,2856,2856,5712
0,BATHURST ISLAND,1996,-,5569,5569,11138,0,0,0,5569,5569,11138
0,BATHURST ISLAND,1997,-,5988,5988,11976,0,0,0,5988,5988,11976
0,BATHURST ISLAND,1998,-,6212,6212,12424,0,0,0,6212,6212,12424
0,BATHURST ISLAND,1999,-,6114,6114,12228,0,0,0,6114,6114,12228
0,BATHURST ISLAND,2000,-,3504,3422,6926,0,0,0,3504,3422,6926
0,BATHURST ISLAND,2001,-,1499,1259,2758,0,0,0,1499,1259,2758
0,BATHURST ISLAND,2002,-,7543,7543,15086,0,0,0,7543,7543,15086
0,BATHURST ISLAND,2003,-,7053,7053,14106,0,0,0,7053,7053,14106
0,BATHURST ISLAND,2004,-,0,0,0,0,0,0,0,0,0
0,BATHURST ISLAND,2005,-,0,0,0,0,0,0,0,0,0
0,BATHURST ISLAND,2006,-,0,0,0,0,0,0,0,0,0
0,BATHURST ISLAND,2007,-,0,0,0,0,0,0,0,0,0
0,BATHURST ISLAND,2008,-,2004,1956,3960,0,0,0,2004,1956,3960
0,BATHURST ISLAND,2009,-,14027,13267,27294,0,0,0,14027,13267,27294
0,BATHURST ISLAND,2010,-,13562,12877,26439,0,0,0,13562,12877,26439
0,BATHURST ISLAND,2011,-,11304,10472,21776,0,0,0,11304,10472,21776
0,BATHURST ISLAND,2012,-,10018,9608,19626,0,0,0,10018,9608,19626
0,BATHURST ISLAND,2013,-,8951,8600,17551,0,0,0,8951,8600,17551
0,BATHURST ISLAND,2014,-,7779,7325,15104,0,0,0,7779,7325,15104
0,BATHURST ISLAND,2015,-,7403,7230,14633,0,0,0,7403,7230,14633
0,BATHURST ISLAND,2016,-,7278,7294,14572,0,0,0,7278,7294,14572
0,BATHURST ISLAND,2017,-,8500,8404,16904,0,0,0,8500,8404,16904
0,BATHURST ISLAND,2018,-,8421,8093,16514,0,0,0,8421,8093,16514
1,BILOELA,1985,-,18018,17717,35735,0,0,0,18018,17717,35735
0,BILOELA,1986,-,19869,19171,39040,0,0,0,19869,19171,39040
0,BILOELA,1987,-,10777,10628,21405,0,0,0,10777,10628,21405
0,BILOELA,1988,-,4547,4186,8733,0,0,0,4547,4186,8733
0,BILOELA,1989,-,4109,3779,7888,0,0,0,4109,3779,7888
0,BILOELA,1990,-,3658,3320,6978,0,0,0,3658,3320,6978
0,BILOELA,1991,-,3690,3598,7288,0,0,0,3690,3598,7288
0,BILOELA,1992,-,4566,4224,8790,0,0,0,4566,4224,8790
0,BILOELA,1993,-,4162,3989,8151,0,0,0,4162,3989,8151
0,BILOELA,1994,-,4109,3940,8049,0,0,0,4109,3940,8049
0,BILOELA,1995,-,3687,3406,7093,0,0,0,3687,3406,7093
0,BILOELA,1996,-,4355,4025,8380,0,0,0,4355,4025,8380
0,BILOELA,1997,-,4575,4356,8931,0,0,0,4575,4356,8931
0,BILOELA,1998,-,4359,4152,8511,0,0,0,4359,4152,8511
0,BILOELA,1999,-,5338,4939,10277,0,0,0,5338,4939,10277
0,BILOELA,2000,-,5369,5062,10431,0,0,0,5369,5062,10431
0,BILOELA,2001,-,3649,3438,7087,0,0,0,3649,3438,7087
0,BILOELA,2002,-,3968,3949,7917,0,0,0,3968,3949,7917
0,BILOELA,2003,-,4532,4329,8861,0,0,0,4532,4329,8861
0,BILOELA,2004,-,4455,4146,8601,0,0,0,4455,4146,8601
0,BILOELA,2005,-,4551,4277,8828,0,0,0,4551,4277,8828
0,BILOELA,2006,-,5196,5202,10398,0,0,0,5196,5202,10398
0,BILOELA,2007,-,9950,9937,19887,0,0,0,9950,9937,19887
0,BILOELA,2008,-,10845,10923,21768,0,0,0,10845,10923,21768
0,BILOELA,2009,-,9644,9421,19065,0,0,0,9644,9421,19065
0,BILOELA,2010,-,8948,8979,17927,0,0,0,8948,8979,17927
0,BILOELA,2011,-,10034,10073,20107,0,0,0,10034,10073,20107
0,BILOELA,2012,-,9173,9046,18219,0,0,0,9173,9046,18219
0,BILOELA,2013,-,9533,9192,18725,0,0,0,9533,9192,18725
0,BILOELA,2014,-,7845,7406,15251,0,0,0,7845,7406,15251
0,BILOELA,2015,-,6805,6500,13305,0,0,0,6805,6500,13305
0,BILOELA,2016,-,7507,7011,14518,0,0,0,7507,7011,14518
0,BILOELA,2017,-,4721,4374,9095,0,0,0,4721,4374,9095
0,BILOELA,2018,-,3703,3761,7464,0,0,0,3703,3761,7464
1,BRISBANE,1985,3,1418790,1405570,2824360,251372,241094,492466,1670162,1646664,3316826
0,BRISBANE,1986,3,1521259,1497692,3018951,295731,280932,576663,1816990,1778624,3595614
0,BRISBANE,1987,3,1654044,1617657,3271701,356163,341290,697453,2010207,1958947,3969154
0,BRISBANE,1988,3,1981592,1959619,3941211,502284,456511,958795,2483876,2416130,4900006
0,BRISBANE,1989,3,1459892,1445149,2905041,494892,451175,946067,1954784,1896324,3851108
0,BRISBANE,1990,3,1883451,1883523,3766974,562131,500606,1062737,2445582,2384129,4829711
0,BRISBANE,1991,3,2516842,2496414,5013256,616536,585634,1202170,3133378,3082048,6215426
0,BRISBANE,1992,3,2633377,2592571,5225948,678475,634464,1312939,3311852,3227035,6538887
0,BRISBANE,1993,3,2815263,2796637,5611900,795414,746797,1542211,3610677,3543434,7154111
0,BRISBANE,1994,3,3172018,3213664,6385682,878541,807516,1686057,4050559,4021180,8071739
0,BRISBANE,1995,3,3416617,3507674,6924291,1066741,898586,1965327,4483358,4406260,8889618
0,BRISBANE,1996,3,3646032,3729412,7375444,1198371,993739,2192110,4844403,4723151,9567554
0,BRISBANE,1997,3,3692221,3777862,7470083,1256251,1038649,2294900,4948472,4816511,9764983
0,BRISBANE,1998,3,3681615,3756726,7438341,1213261,1037979,2251240,4894876,4794705,9689581
0,BRISBANE,1999,3,3886649,3946787,7833436,1259781,1115986,2375767,5146430,5062773,10209203
0,BRISBANE,2000,3,4404201,4406469,8810670,1309606,1151772,2461378,5713807,5558241,11272048
0,BRISBANE,2001,3,4948055,4998018,9946073,1348856,1198864,2547720,6296911,6196882,12493793
0,BRISBANE,2002,3,4560733,4602787,9163520,1290423,1202659,2493082,5851156,5805446,11656602
0,BRISBANE,2003,3,5052824,5052542,10105366,1303068,1246376,2549444,6355892,6298918,12654810
0,BRISBANE,2004,3,5761856,5757566,11519422,1652284,1614197,3266481,7414140,7371763,14785903
0,BRISBANE,2005,3,6065613,6036996,12102609,1827122,1779568,3606690,7892735,7816564,15709299
0,BRISBANE,2006,3,6479840,6462895,12942735,1902026,1861288,3763314,8381866,8324183,16706049
0,BRISBANE,2007,3,6995112,6977224,13972336,1971097,1950655,3921752,8966209,8927879,17894088
0,BRISBANE,2008,3,7281876,7265661,14547537,2035342,2000448,4035790,9317218,9266109,18583327
0,BRISBANE,2009,3,7308926,7286998,14595924,2051853,2065318,4117171,9360779,9352316,18713095
0,BRISBANE,2010,3,7674673,7663479,15338152,2135978,2146279,4282257,9810651,9809758,19620409
0,BRISBANE,2011,3,7948914,7940069,15888983,2232345,2212522,4444867,10181259,10152591,20333850
0,BRISBANE,2012,3,8306085,8295264,16601349,2272237,2199176,4471413,10578322,10494440,21072762
0,BRISBANE,2013,3,8400795,8374902,16775697,2372918,2296223,4669141,10773713,10671125,21444838
0,BRISBANE,2014,3,8504232,8478604,16982836,2510710,2454271,4964981,11014942,10932875,21947817
0,BRISBANE,2015,3,8399287,8387687,16786974,2622941,2615581,5238522,11022228,11003268,22025496
0,BRISBANE,2016,3,8538676,8517176,17055852,2729101,2720643,5449744,11267777,11237819,22505596
0,BRISBANE,2017,3,8615737,8604189,17219926,2865078,2864263,5729341,11480815,11468452,22949267
0,BRISBANE,2018,3,8692044,8662485,17354529,3059077,3053157,6112234,11751121,11715642,23466763
1,BROKEN HILL,1985,-,17765,17577,35342,0,0,0,17765,17577,35342
0,BROKEN HILL,1986,-,18238,17975,36213,0,0,0,18238,17975,36213
0,BROKEN HILL,1987,-,18266,18139,36405,0,0,0,18266,18139,36405
0,BROKEN HILL,1988,-,18928,18891,37819,0,0,0,18928,18891,37819
0,BROKEN HILL,1989,-,15435,15423,30858,0,0,0,15435,15423,30858
0,BROKEN HILL,1990,-,14485,14239,28724,0,0,0,14485,14239,28724
0,BROKEN HILL,1991,-,14357,14183,28540,0,0,0,14357,14183,28540
0,BROKEN HILL,1992,-,14822,14439,29261,0,0,0,14822,14439,29261
0,BROKEN HILL,1993,-,14279,13854,28133,0,0,0,14279,13854,28133
0,BROKEN HILL,1994,-,16158,16282,32440,0,0,0,16158,16282,32440
0,BROKEN HILL,1995,-,17303,17148,34451,0,0,0,17303,17148,34451
0,BROKEN HILL,1996,-,17137,17117,34254,0,0,0,17137,17117,34254
0,BROKEN HILL,1997,-,18675,18578,37253,0,0,0,18675,18578,37253
0,BROKEN HILL,1998,-,19768,19642,39410,0,0,0,19768,19642,39410
0,BROKEN HILL,1999,-,19995,19786,39781,0,0,0,19995,19786,39781
0,BROKEN HILL,2000,-,19075,18971,38046,0,0,0,19075,18971,38046
0,BROKEN HILL,2001,-,15120,15453,30573,0,0,0,15120,15453,30573
0,BROKEN HILL,2002,-,14768,14689,29457,0,0,0,14768,14689,29457
0,BROKEN HILL,2003,-,15894,15922,31816,0,0,0,15894,15922,31816
0,BROKEN HILL,2004,-,18189,18501,36690,0,0,0,18189,18501,36690
0,BROKEN HILL,2005,-,20648,20941,41589,0,0,0,20648,20941,41589
0,BROKEN HILL,2006,-,22624,22999,45623,0,0,0,22624,22999,45623
0,BROKEN HILL,2007,58,26925,27438,54363,0,0,0,26925,27438,54363
0,BROKEN HILL,2008,56,29698,30146,59844,0,0,0,29698,30146,59844
0,BROKEN HILL,2009,56,27781,28232,56013,0,0,0,27781,28232,56013
0,BROKEN HILL,2010,51,31789,31848,63637,0,0,0,31789,31848,63637
0,BROKEN HILL,2011,56,31053,31474,62527,0,0,0,31053,31474,62527
0,BROKEN HILL,2012,55,33164,33778,66942,0,0,0,33164,33778,66942
0,BROKEN HILL,2013,56,30418,30850,61268,0,0,0,30418,30850,61268
0,BROKEN HILL,2014,58,28521,28977,57498,0,0,0,28521,28977,57498
0,BROKEN HILL,2015,58,27427,27649,55076,0,0,0,27427,27649,55076
0,BROKEN HILL,2016,59,26473,26959,53432,0,0,0,26473,26959,53432
0,BROKEN HILL,2017,57,30539,31022,61561,0,0,0,30539,31022,61561
0,BROKEN HILL,2018,57,34807,35271,70078,0,0,0,34807,35271,70078
1,BROOME,1985,41,31348,31441,62789,0,0,0,31348,31441,62789
0,BROOME,1986,41,32770,33199,65969,0,0,0,32770,33199,65969
0,BROOME,1987,34,34227,34229,68456,0,0,0,34227,34229,68456
0,BROOME,1988,31,41722,42350,84072,0,0,0,41722,42350,84072
0,BROOME,1989,24,41865,42569,84434,0,0,0,41865,42569,84434
0,BROOME,1990,21,52358,53444,105802,0,0,0,52358,53444,105802
0,BROOME,1991,22,55537,56642,112179,0,0,0,55537,56642,112179
0,BROOME,1992,24,58661,59460,118121,0,0,0,58661,59460,118121
0,BROOME,1993,23,60677,62405,123082,0,0,0,60677,62405,123082
0,BROOME,1994,20,82937,83773,166710,0,0,0,82937,83773,166710
0,BROOME,1995,19,103687,106244,209931,0,0,0,103687,106244,209931
0,BROOME,1996,19,105982,109490,215472,1069,1269,2338,107051,110759,217810
0,BROOME,1997,19,106209,108947,215156,147,113,260,106356,109060,215416
0,BROOME,1998,20,103667,106498,210165,0,0,0,103667,106498,210165
0,BROOME,1999,19,108100,110539,218639,0,0,0,108100,110539,218639
0,BROOME,2000,19,112543,116591,229134,1426,1457,2883,113969,118048,232017
0,BROOME,2001,20,97379,101006,198385,1192,1145,2337,98571,102151,200722
0,BROOME,2002,20,88575,91339,179914,0,0,0,88575,91339,179914
0,BROOME,2003,21,108785,111581,220366,0,0,0,108785,111581,220366
0,BROOME,2004,20,128614,131913,260527,0,0,0,128614,131913,260527
0,BROOME,2005,21,146076,151096,297172,0,0,0,146076,151096,297172
0,BROOME,2006,20,161231,163870,325101,0,0,0,161231,163870,325101
0,BROOME,2007,20,175667,178512,354179,0,0,0,175667,178512,354179
0,BROOME,2008,20,186625,191477,378102,0,0,0,186625,191477,378102
0,BROOME,2009,20,196750,201235,397985,0,0,0,196750,201235,397985
0,BROOME,2010,20,200036,206651,406687,0,0,0,200036,206651,406687
0,BROOME,2011,20,198992,205725,404717,0,0,0,198992,205725,404717
0,BROOME,2012,22,202126,209089,411215,0,0,0,202126,209089,411215
0,BROOME,2013,23,202810,210823,413633,0,0,0,202810,210823,413633
0,BROOME,2014,23,192197,199322,391519,0,0,0,192197,199322,391519
0,BROOME,2015,23,188098,193838,381936,0,0,0,188098,193838,381936
0,BROOME,2016,22,183185,187917,371102,0,0,0,183185,187917,371102
0,BROOME,2017,23,192630,195722,388352,0,0,0,192630,195722,388352
0,BROOME,2018,23,205732,210160,415892,0,0,0,205732,210160,415892
1,BUNDABERG,1985,25,45304,45213,90517,0,0,0,45304,45213,90517
0,BUNDABERG,1986,26,45220,45830,91050,0,0,0,45220,45830,91050
0,BUNDABERG,1987,44,26597,26166,52763,0,0,0,26597,26166,52763
0,BUNDABERG,1988,-,17616,16937,34553,0,0,0,17616,16937,34553
0,BUNDABERG,1989,-,21418,21725,43143,0,0,0,21418,21725,43143
0,BUNDABERG,1990,-,21553,21956,43509,0,0,0,21553,21956,43509
0,BUNDABERG,1991,-,23957,24424,48381,0,0,0,23957,24424,48381
0,BUNDABERG,1992,40,27146,27863,55009,0,0,0,27146,27863,55009
0,BUNDABERG,1993,43,28323,28539,56862,0,0,0,28323,28539,56862
0,BUNDABERG,1994,36,40959,41776,82735,0,0,0,40959,41776,82735
0,BUNDABERG,1995,40,36454,36777,73231,0,0,0,36454,36777,73231
0,BUNDABERG,1996,42,34752,35339,70091,0,0,0,34752,35339,70091
0,BUNDABERG,1997,42,33710,34101,67811,0,0,0,33710,34101,67811
0,BUNDABERG,1998,41,34459,34544,69003,0,0,0,34459,34544,69003
0,BUNDABERG,1999,41,36915,37502,74417,0,0,0,36915,37502,74417
0,BUNDABERG,2000,43,36866,37126,73992,0,0,0,36866,37126,73992
0,BUNDABERG,2001,42,30505,30680,61185,0,0,0,30505,30680,61185
0,BUNDABERG,2002,44,26559,26837,53396,0,0,0,26559,26837,53396
0,BUNDABERG,2003,44,30118,30558,60676,0,0,0,30118,30558,60676
0,BUNDABERG,2004,41,38323,38339,76662,0,0,0,38323,38339,76662
0,BUNDABERG,2005,39,46605,47838,94443,0,0,0,46605,47838,94443
0,BUNDABERG,2006,39,50395,51473,101868,0,0,0,50395,51473,101868
0,BUNDABERG,2007,39,54597,56253,110850,0,0,0,54597,56253,110850
0,BUNDABERG,2008,40,57890,58120,116010,0,0,0,57890,58120,116010
0,BUNDABERG,2009,41,56653,56975,113628,0,0,0,56653,56975,113628
0,BUNDABERG,2010,41,62634,63242,125876,0,0,0,62634,63242,125876
0,BUNDABERG,2011,41,63646,64675,128321,0,0,0,63646,64675,128321
0,BUNDABERG,2012,44,61839,62454,124293,0,0,0,61839,62454,124293
0,BUNDABERG,2013,41,76308,77094,153402,0,0,0,76308,77094,153402
0,BUNDABERG,2014,40,78966,79334,158300,0,0,0,78966,79334,158300
0,BUNDABERG,2015,39,79056,79582,158638,0,0,0,79056,79582,158638
0,BUNDABERG,2016,38,86107,86463,172570,0,0,0,86107,86463,172570
0,BUNDABERG,2017,37,86788,87104,173892,0,0,0,86788,87104,173892
0,BUNDABERG,2018,40,81438,81337,162775,0,0,0,81438,81337,162775
1,BURNIE,1985,21,76011,74422,150433,0,0,0,76011,74422,150433
0,BURNIE,1986,21,60488,59164,119652,0,0,0,60488,59164,119652
0,BURNIE,1987,25,53134,51781,104915,0,0,0,53134,51781,104915
0,BURNIE,1988,30,43731,42595,86326,0,0,0,43731,42595,86326
0,BURNIE,1989,25,40231,38452,78683,0,0,0,40231,38452,78683
0,BURNIE,1990,28,41601,40322,81923,0,0,0,41601,40322,81923
0,BURNIE,1991,33,34986,33384,68370,0,0,0,34986,33384,68370
0,BURNIE,1992,32,39959,38663,78622,0,0,0,39959,38663,78622
0,BURNIE,1993,30,45340,43736,89076,0,0,0,45340,43736,89076
0,BURNIE,1994,31,47471,46003,93474,0,0,0,47471,46003,93474
0,BURNIE,1995,30,54402,53791,108193,0,0,0,54402,53791,108193
0,BURNIE,1996,29,55985,54820,110805,0,0,0,55985,54820,110805
0,BURNIE,1997,31,55190,54099,109289,0,0,0,55190,54099,109289
0,BURNIE,1998,31,59193,58906,118099,0,0,0,59193,58906,118099
0,BURNIE,1999,31,54411,55100,109511,0,0,0,54411,55100,109511
0,BURNIE,2000,33,49745,49860,99605,0,0,0,49745,49860,99605
0,BURNIE,2001,36,39275,39280,78555,0,0,0,39275,39280,78555
0,BURNIE,2002,34,39516,38206,77722,0,0,0,39516,38206,77722
0,BURNIE,2003,34,45598,45347,90945,0,0,0,45598,45347,90945
0,BURNIE,2004,36,47705,47142,94847,0,0,0,47705,47142,94847
0,BURNIE,2005,40,46311,46610,92921,0,0,0,46311,46610,92921
0,BURNIE,2006,43,45335,45525,90860,0,0,0,45335,45525,90860
0,BURNIE,2007,44,46431,46584,93015,0,0,0,46431,46584,93015
0,BURNIE,2008,46,46338,46247,92585,0,0,0,46338,46247,92585
0,BURNIE,2009,46,41134,40497,81631,0,0,0,41134,40497,81631
0,BURNIE,2010,48,37740,37701,75441,0,0,0,37740,37701,75441
0,BURNIE,2011,52,34615,33960,68575,0,0,0,34615,33960,68575
0,BURNIE,2012,54,34088,33881,67969,0,0,0,34088,33881,67969
0,BURNIE,2013,53,34424,34029,68453,0,0,0,34424,34029,68453
0,BURNIE,2014,53,31723,31578,63301,0,0,0,31723,31578,63301
0,BURNIE,2015,53,31985,31544,63529,0,0,0,31985,31544,63529
0,BURNIE,2016,55,30270,29941,60211,0,0,0,30270,29941,60211
0,BURNIE,2017,58,30976,30265,61241,0,0,0,30976,30265,61241
0,BURNIE,2018,56,35585,35525,71110,0,0,0,35585,35525,71110
1,CAIRNS,1985,10,240831,240725,481556,25460,20062,45522,266291,260787,527078
0,CAIRNS,1986,9,300879,298274,599153,34528,28885,63413,335407,327159,662566
0,CAIRNS,1987,9,370149,371353,741502,60273,50016,110289,430422,421369,851791
0,CAIRNS,1988,8,432189,435505,867694,86811,72984,159795,519000,508489,1027489
0,CAIRNS,1989,6,324091,327128,651219,112272,100376,212648,436363,427504,863867
0,CAIRNS,1990,6,394307,396333,790640,144730,134606,279336,539037,530939,1069976
0,CAIRNS,1991,6,630203,627234,1257437,196395,183579,379974,826598,810813,1637411
0,CAIRNS,1992,6,626699,644984,1271683,286926,239287,526213,913625,884271,1797896
0,CAIRNS,1993,6,709909,730850,1440759,356161,295276,651437,1066070,1026126,2092196
0,CAIRNS,1994,6,831407,859060,1690467,365764,313511,679275,1197171,1172571,2369742
0,CAIRNS,1995,6,919430,924597,1844027,328649,329748,658397,1248079,1254345,2502424
0,CAIRNS,1996,6,957711,968804,1926515,364567,354829,719396,1322278,1323633,2645911
0,CAIRNS,1997,6,952051,966187,1918238,378025,367085,745110,1330076,1333272,2663348
0,CAIRNS,1998,6,952421,963296,1915717,339769,348289,688058,1292190,1311585,2603775
0,CAIRNS,1999,6,1012434,1010474,2022908,327422,333237,660659,1339856,1343711,2683567
0,CAIRNS,2000,6,1065600,1067113,2132713,341270,338863,680133,1406870,1405976,2812846
0,CAIRNS,2001,6,1009453,1015740,2025193,333952,331166,665118,1343405,1346906,2690311
0,CAIRNS,2002,6,1045601,1042042,2087643,387072,379184,766256,1432673,1421226,2853899
0,CAIRNS,2003,6,1118928,1127638,2246566,375819,370742,746561,1494747,1498380,2993127
0,CAIRNS,2004,6,1284025,1298566,2582591,430620,416226,846846,1714645,1714792,3429437
0,CAIRNS,2005,6,1417727,1425220,2842947,433784,428400,862184,1851511,1853620,3705131
0,CAIRNS,2006,6,1481810,1485267,2967077,399459,392250,791709,1881269,1877517,3758786
0,CAIRNS,2007,7,1537142,1529272,3066414,353748,348300,702048,1890890,1877572,3768462
0,CAIRNS,2008,7,1578539,1574632,3153171,300386,295075,595461,1878925,1869707,3748632
0,CAIRNS,2009,7,1564910,1568483,3133393,205381,199422,404803,1770291,1767905,3538196
0,CAIRNS,2010,7,1628261,1625836,3254097,250466,245407,495873,1878727,1871243,3749970
0,CAIRNS,2011,7,1680637,1680454,3361091,254540,249532,504072,1935177,1929986,3865163
0,CAIRNS,2012,7,1778671,1790524,3569195,257389,253970,511359,2036060,2044494,4080554
0,CAIRNS,2013,7,1866127,1888204,3754331,247494,244597,492091,2113621,2132801,4246422
0,CAIRNS,2014,7,1921580,1935819,3857399,230820,230090,460910,2152400,2165909,4318309
0,CAIRNS,2015,7,1983585,1991724,3975309,271115,274618,545733,2254700,2266342,4521042
0,CAIRNS,2016,7,2102385,2105836,4208221,313574,328719,642293,2415959,2434555,4850514
0,CAIRNS,2017,7,2134537,2143774,4278311,320120,342053,662173,2454657,2485827,4940484
0,CAIRNS,2018,7,2129089,2154158,4283247,330491,332060,662551,2459580,2486218,4945798
1,CANBERRA,1985,7,493819,492663,986482,0,0,0,493819,492663,986482
0,CANBERRA,1986,6,513803,514151,1027954,0,0,0,513803,514151,1027954
0,CANBERRA,1987,6,541050,542062,1083112,0,0,0,541050,542062,1083112
0,CANBERRA,1988,7,561463,566102,1127565,0,0,0,561463,566102,1127565
0,CANBERRA,1989,8,390849,388687,779536,0,0,0,390849,388687,779536
0,CANBERRA,1990,7,507843,512777,1020620,0,0,0,507843,512777,1020620
0,CANBERRA,1991,8,628768,632711,1261479,0,0,0,628768,632711,1261479
0,CANBERRA,1992,8,680909,686245,1367154,0,0,0,680909,686245,1367154
0,CANBERRA,1993,8,710203,720888,1431091,0,0,0,710203,720888,1431091
0,CANBERRA,1994,8,786118,805750,1591868,0,0,0,786118,805750,1591868
0,CANBERRA,1995,8,866073,872991,1739064,0,0,0,866073,872991,1739064
0,CANBERRA,1996,8,864170,871588,1735758,0,0,0,864170,871588,1735758
0,CANBERRA,1997,8,892244,895786,1788030,0,0,0,892244,895786,1788030
0,CANBERRA,1998,8,900365,904726,1805091,0,0,0,900365,904726,1805091
0,CANBERRA,1999,7,949353,950341,1899694,0,0,0,949353,950341,1899694
0,CANBERRA,2000,7,1018334,1020970,2039304,0,0,0,1018334,1020970,2039304
0,CANBERRA,2001,7,983523,988679,1972202,0,0,0,983523,988679,1972202
0,CANBERRA,2002,8,943233,941533,1884766,0,0,0,943233,941533,1884766
0,CANBERRA,2003,8,1038929,1035238,2074167,0,0,0,1038929,1035238,2074167
0,CANBERRA,2004,8,1216303,1218160,2434463,994,1002,1996,1217297,1219162,2436459
0,CANBERRA,2005,8,1261431,1263322,2524753,0,0,0,1261431,1263322,2524753
0,CANBERRA,2006,8,1306186,1306493,2612679,0,0,0,1306186,1306493,2612679
0,CANBERRA,2007,8,1366543,1368332,2734875,0,0,0,1366543,1368332,2734875
0,CANBERRA,2008,8,1494590,1488898,2983488,0,0,0,1494590,1488898,2983488
0,CANBERRA,2009,8,1578631,1569789,3148420,0,0,0,1578631,1569789,3148420
0,CANBERRA,2010,8,1654445,1649565,3304010,0,0,0,1654445,1649565,3304010
0,CANBERRA,2011,8,1608583,1599642,3208225,0,0,0,1608583,1599642,3208225
0,CANBERRA,2012,8,1536941,1528952,3065893,0,0,0,1536941,1528952,3065893
0,CANBERRA,2013,8,1483065,1473383,2956448,0,0,0,1483065,1473383,2956448
0,CANBERRA,2014,8,1409599,1402223,2811822,0,0,0,1409599,1402223,2811822
0,CANBERRA,2015,8,1406816,1398490,2805306,0,0,0,1406816,1398490,2805306
0,CANBERRA,2016,8,1444730,1441063,2885793,11378,12393,23771,1456108,1453456,2909564
0,CANBERRA,2017,8,1511399,1509941,3021340,43864,40571,84435,1555263,1550512,3105775
0,CANBERRA,2018,8,1579508,1573635,3153143,45032,49890,94922,1624540,1623525,3248065
1,CARNARVON,1985,-,17841,17825,35666,0,0,0,17841,17825,35666
0,CARNARVON,1986,-,17562,17969,35531,0,0,0,17562,17969,35531
0,CARNARVON,1987,-,15353,15540,30893,0,0,0,15353,15540,30893
0,CARNARVON,1988,-,14558,15000,29558,0,0,0,14558,15000,29558
0,CARNARVON,1989,-,10096,10235,20331,0,0,0,10096,10235,20331
0,CARNARVON,1990,-,12798,13064,25862,0,0,0,12798,13064,25862
0,CARNARVON,1991,-,14653,14898,29551,0,0,0,14653,14898,29551
0,CARNARVON,1992,-,15987,16291,32278,0,0,0,15987,16291,32278
0,CARNARVON,1993,-,17551,17832,35383,0,0,0,17551,17832,35383
0,CARNARVON,1994,-,16822,16347,33169,0,0,0,16822,16347,33169
0,CARNARVON,1995,-,9482,9124,18606,0,0,0,9482,9124,18606
0,CARNARVON,1996,-,9890,10172,20062,0,0,0,9890,10172,20062
0,CARNARVON,1997,-,10320,10527,20847,0,0,0,10320,10527,20847
0,CARNARVON,1998,-,9584,8903,18487,0,0,0,9584,8903,18487
0,CARNARVON,1999,-,9360,8003,17363,0,0,0,9360,8003,17363
0,CARNARVON,2000,-,9217,9365,18582,0,0,0,9217,9365,18582
0,CARNARVON,2001,-,7738,7842,15580,0,0,0,7738,7842,15580
0,CARNARVON,2002,-,7837,7914,15751,0,0,0,7837,7914,15751
0,CARNARVON,2003,-,7541,7687,15228,0,0,0,7541,7687,15228
0,CARNARVON,2004,-,8327,8481,16808,0,0,0,8327,8481,16808
0,CARNARVON,2005,-,8886,8913,17799,0,0,0,8886,8913,17799
0,CARNARVON,2006,-,9899,10109,20008,0,0,0,9899,10109,20008
0,CARNARVON,2007,-,11361,11699,23060,0,0,0,11361,11699,23060
0,CARNARVON,2008,-,10749,11066,21815,0,0,0,10749,11066,21815
0,CARNARVON,2009,-,11507,11783,23290,0,0,0,11507,11783,23290
0,CARNARVON,2010,-,12575,13288,25863,0,0,0,12575,13288,25863
0,CARNARVON,2011,-,14132,14426,28558,0,0,0,14132,14426,28558
0,CARNARVON,2012,-,12692,12895,25587,0,0,0,12692,12895,25587
0,CARNARVON,2013,-,13440,13928,27368,0,0,0,13440,13928,27368
0,CARNARVON,2014,-,11537,11812,23349,0,0,0,11537,11812,23349
0,CARNARVON,2015,-,10583,10936,21519,0,0,0,10583,10936,21519
0,CARNARVON,2016,-,9044,10445,19489,0,0,0,9044,10445,19489
0,CARNARVON,2017,-,9795,10776,20571,0,0,0,9795,10776,20571
0,CARNARVON,2018,-,9955,10260,20215,0,0,0,9955,10260,20215
1,CEDUNA,1985,-,2578,2676,5254,0,0,0,2578,2676,5254
0,CEDUNA,1986,-,836,855,1691,0,0,0,836,855,1691
0,CEDUNA,1987,-,2212,2219,4431,0,0,0,2212,2219,4431
0,CEDUNA,1988,-,2287,2265,4552,0,0,0,2287,2265,4552
0,CEDUNA,1989,-,2165,2324,4489,0,0,0,2165,2324,4489
0,CEDUNA,1990,-,2447,2396,4843,0,0,0,2447,2396,4843
0,CEDUNA,1991,-,2657,2681,5338,0,0,0,2657,2681,5338
0,CEDUNA,1992,-,2803,2836,5639,0,0,0,2803,2836,5639
0,CEDUNA,1993,-,3172,3214,6386,0,0,0,3172,3214,6386
0,CEDUNA,1994,-,3599,3574,7173,0,0,0,3599,3574,7173
0,CEDUNA,1995,-,3835,3938,7773,0,0,0,3835,3938,7773
0,CEDUNA,1996,-,4345,4296,8641,0,0,0,4345,4296,8641
0,CEDUNA,1997,-,5006,5077,10083,0,0,0,5006,5077,10083
0,CEDUNA,1998,-,5276,5250,10526,0,0,0,5276,5250,10526
0,CEDUNA,1999,-,5298,5339,10637,0,0,0,5298,5339,10637
0,CEDUNA,2000,-,5004,5001,10005,0,0,0,5004,5001,10005
0,CEDUNA,2001,-,4330,4327,8657,0,0,0,4330,4327,8657
0,CEDUNA,2002,-,4697,4548,9245,0,0,0,4697,4548,9245
0,CEDUNA,2003,-,5501,5676,11177,0,0,0,5501,5676,11177
0,CEDUNA,2004,-,6286,6316,12602,0,0,0,6286,6316,12602
0,CEDUNA,2005,-,7576,7697,15273,0,0,0,7576,7697,15273
0,CEDUNA,2006,-,9564,9685,19249,0,0,0,9564,9685,19249
0,CEDUNA,2007,-,11118,11357,22475,0,0,0,11118,11357,22475
0,CEDUNA,2008,-,12072,12317,24389,0,0,0,12072,12317,24389
0,CEDUNA,2009,-,12327,12455,24782,0,0,0,12327,12455,24782
0,CEDUNA,2010,-,12379,12531,24910,0,0,0,12379,12531,24910
0,CEDUNA,2011,-,12200,12546,24746,0,0,0,12200,12546,24746
0,CEDUNA,2012,-,11669,11781,23450,0,0,0,11669,11781,23450
0,CEDUNA,2013,-,10651,10984,21635,0,0,0,10651,10984,21635
0,CEDUNA,2014,-,10505,10931,21436,0,0,0,10505,10931,21436
0,CEDUNA,2015,-,11020,11307,22327,0,0,0,11020,11307,22327
0,CEDUNA,2016,-,11285,11510,22795,0,0,0,11285,11510,22795
0,CEDUNA,2017,-,12340,12662,25002,0,0,0,12340,12662,25002
0,CEDUNA,2018,-,12679,12858,25537,0,0,0,12679,12858,25537
1,CHARLEVILLE,1985,-,4349,4592,8941,0,0,0,4349,4592,8941
0,CHARLEVILLE,1986,-,4380,4840,9220,0,0,0,4380,4840,9220
0,CHARLEVILLE,1987,-,1448,1469,2917,0,0,0,1448,1469,2917
0,CHARLEVILLE,1988,-,0,0,0,0,0,0,0,0,0
0,CHARLEVILLE,1989,-,0,0,0,0,0,0,0,0,0
0,CHARLEVILLE,1990,-,0,0,0,0,0,0,0,0,0
0,CHARLEVILLE,1991,-,1658,1621,3279,0,0,0,1658,1621,3279
0,CHARLEVILLE,1992,-,2005,1996,4001,0,0,0,2005,1996,4001
0,CHARLEVILLE,1993,-,2069,2111,4180,0,0,0,2069,2111,4180
0,CHARLEVILLE,1994,-,2239,2260,4499,0,0,0,2239,2260,4499
0,CHARLEVILLE,1995,-,2576,2634,5210,0,0,0,2576,2634,5210
0,CHARLEVILLE,1996,-,3290,3245,6535,0,0,0,3290,3245,6535
0,CHARLEVILLE,1997,-,3585,3703,7288,0,0,0,3585,3703,7288
0,CHARLEVILLE,1998,-,3870,3844,7714,0,0,0,3870,3844,7714
0,CHARLEVILLE,1999,-,4119,4154,8273,0,0,0,4119,4154,8273
0,CHARLEVILLE,2000,-,4175,4073,8248,0,0,0,4175,4073,8248
0,CHARLEVILLE,2001,-,3453,3375,6828,0,0,0,3453,3375,6828
0,CHARLEVILLE,2002,-,4197,4299,8496,0,0,0,4197,4299,8496
0,CHARLEVILLE,2003,-,4263,4406,8669,0,0,0,4263,4406,8669
0,CHARLEVILLE,2004,-,4529,4574,9103,0,0,0,4529,4574,9103
0,CHARLEVILLE,2005,-,4683,4683,9366,0,0,0,4683,4683,9366
0,CHARLEVILLE,2006,-,5360,5293,10653,0,0,0,5360,5293,10653
0,CHARLEVILLE,2007,-,6374,6392,12766,0,0,0,6374,6392,12766
0,CHARLEVILLE,2008,-,7191,7505,14696,0,0,0,7191,7505,14696
0,CHARLEVILLE,2009,-,6563,6864,13427,0,0,0,6563,6864,13427
0,CHARLEVILLE,2010,-,7041,7126,14167,0,0,0,7041,7126,14167
0,CHARLEVILLE,2011,-,7795,8057,15852,0,0,0,7795,8057,15852
0,CHARLEVILLE,2012,-,7506,7772,15278,0,0,0,7506,7772,15278
0,CHARLEVILLE,2013,-,8286,8314,16600,0,0,0,8286,8314,16600
0,CHARLEVILLE,2014,-,8738,8812,17550,0,0,0,8738,8812,17550
0,CHARLEVILLE,2015,-,7778,7768,15546,0,0,0,7778,7768,15546
0,CHARLEVILLE,2016,-,7483,7502,14985,0,0,0,7483,7502,14985
0,CHARLEVILLE,2017,-,7591,7704,15295,0,0,0,7591,7704,15295
0,CHARLEVILLE,2018,-,7791,7868,15659,0,0,0,7791,7868,15659
1,CHRISTMAS ISLAND,1985,-,0,0,0,0,0,0,0,0,0
0,CHRISTMAS ISLAND,1986,-,0,0,0,0,0,0,0,0,0
0,CHRISTMAS ISLAND,1987,-,0,0,0,0,0,0,0,0,0
0,CHRISTMAS ISLAND,1988,-,0,0,0,0,0,0,0,0,0
0,CHRISTMAS ISLAND,1989,-,0,0,0,0,0,0,0,0,0
0,CHRISTMAS ISLAND,1990,-,0,0,0,0,0,0,0,0,0
0,CHRISTMAS ISLAND,1991,-,0,0,0,0,0,0,0,0,0
0,CHRISTMAS ISLAND,1992,-,0,0,0,0,0,0,0,0,0
0,CHRISTMAS ISLAND,1993,-,1776,1744,3520,1868,1994,3862,3644,3738,7382
0,CHRISTMAS ISLAND,1994,-,5319,5108,10427,10224,10444,20668,15543,15552,31095
0,CHRISTMAS ISLAND,1995,-,6086,5994,12080,14045,13434,27479,20131,19428,39559
0,CHRISTMAS ISLAND,1996,-,5888,6200,12088,7261,7252,14513,13149,13452,26601
0,CHRISTMAS ISLAND,1997,-,6058,5315,11373,1929,1966,3895,7987,7281,15268
0,CHRISTMAS ISLAND,1998,-,2727,2819,5546,1329,1383,2712,4056,4202,8258
0,CHRISTMAS ISLAND,1999,-,2484,2544,5028,0,0,0,2484,2544,5028
0,CHRISTMAS ISLAND,2000,-,2543,2512,5055,0,0,0,2543,2512,5055
0,CHRISTMAS ISLAND,2001,-,2867,2865,5732,0,0,0,2867,2865,5732
0,CHRISTMAS ISLAND,2002,-,4116,4133,8249,0,0,0,4116,4133,8249
0,CHRISTMAS ISLAND,2003,-,3631,3817,7448,0,0,0,3631,3817,7448
0,CHRISTMAS ISLAND,2004,-,4066,4191,8257,0,0,0,4066,4191,8257
0,CHRISTMAS ISLAND,2005,-,3903,4074,7977,0,0,0,3903,4074,7977
0,CHRISTMAS ISLAND,2006,-,3980,4075,8055,0,0,0,3980,4075,8055
0,CHRISTMAS ISLAND,2007,-,3883,3958,7841,144,336,480,4027,4294,8321
0,CHRISTMAS ISLAND,2008,-,2988,3127,6115,664,578,1242,3652,3705,7357
0,CHRISTMAS ISLAND,2009,-,4776,4841,9617,0,0,0,4776,4841,9617
0,CHRISTMAS ISLAND,2010,-,10606,10986,21592,0,0,0,10606,10986,21592
0,CHRISTMAS ISLAND,2011,-,15714,16172,31886,0,0,0,15714,16172,31886
0,CHRISTMAS ISLAND,2012,-,17666,17393,35059,0,0,0,17666,17393,35059
0,CHRISTMAS ISLAND,2013,-,18122,17883,36005,0,0,0,18122,17883,36005
0,CHRISTMAS ISLAND,2014,-,16888,17136,34024,0,0,0,16888,17136,34024
0,CHRISTMAS ISLAND,2015,-,10238,10400,20638,0,0,0,10238,10400,20638
0,CHRISTMAS ISLAND,2016,-,9950,9836,19786,0,0,0,9950,9836,19786
0,CHRISTMAS ISLAND,2017,-,9603,9263,18866,0,0,0,9603,9263,18866
0,CHRISTMAS ISLAND,2018,-,9612,9644,19256,0,0,0,9612,9644,19256
1,CLONCURRY,1985,-,3013,3131,6144,0,0,0,3013,3131,6144
0,CLONCURRY,1986,-,2647,2641,5288,0,0,0,2647,2641,5288
0,CLONCURRY,1987,-,722,738,1460,0,0,0,722,738,1460
0,CLONCURRY,1988,-,0,0,0,0,0,0,0,0,0
0,CLONCURRY,1989,-,0,0,0,0,0,0,0,0,0
0,CLONCURRY,1990,-,0,0,0,0,0,0,0,0,0
0,CLONCURRY,1991,-,230,248,478,0,0,0,230,248,478
0,CLONCURRY,1992,-,212,215,427,0,0,0,212,215,427
0,CLONCURRY,1993,-,233,225,458,0,0,0,233,225,458
0,CLONCURRY,1994,-,318,278,596,0,0,0,318,278,596
0,CLONCURRY,1995,-,392,345,737,0,0,0,392,345,737
0,CLONCURRY,1996,-,814,816,1630,0,0,0,814,816,1630
0,CLONCURRY,1997,-,1856,1638,3494,0,0,0,1856,1638,3494
0,CLONCURRY,1998,-,2982,2777,5759,0,0,0,2982,2777,5759
0,CLONCURRY,1999,-,5131,4718,9849,0,0,0,5131,4718,9849
0,CLONCURRY,2000,-,5750,5302,11052,0,0,0,5750,5302,11052
0,CLONCURRY,2001,-,4278,4407,8685,0,0,0,4278,4407,8685
0,CLONCURRY,2002,-,4194,4192,8386,0,0,0,4194,4192,8386
0,CLONCURRY,2003,-,3501,3385,6886,0,0,0,3501,3385,6886
0,CLONCURRY,2004,-,2338,2564,4902,0,0,0,2338,2564,4902
0,CLONCURRY,2005,-,2075,1676,3751,0,0,0,2075,1676,3751
0,CLONCURRY,2006,-,2110,1925,4035,0,0,0,2110,1925,4035
0,CLONCURRY,2007,-,2287,2390,4677,0,0,0,2287,2390,4677
0,CLONCURRY,2008,-,1940,2691,4631,0,0,0,1940,2691,4631
0,CLONCURRY,2009,-,3350,3596,6946,0,0,0,3350,3596,6946
0,CLONCURRY,2010,-,8276,8438,16714,0,0,0,8276,8438,16714
0,CLONCURRY,2011,-,6251,6618,12869,0,0,0,6251,6618,12869
0,CLONCURRY,2012,-,3914,4159,8073,0,0,0,3914,4159,8073
0,CLONCURRY,2013,-,4455,4490,8945,0,0,0,4455,4490,8945
0,CLONCURRY,2014,-,9975,10426,20401,0,0,0,9975,10426,20401
0,CLONCURRY,2015,-,8057,8525,16582,0,0,0,8057,8525,16582
0,CLONCURRY,2016,-,10921,10742,21663,0,0,0,10921,10742,21663
0,CLONCURRY,2017,-,13480,12625,26105,0,0,0,13480,12625,26105
0,CLONCURRY,2018,-,14208,13951,28159,0,0,0,14208,13951,28159
1,COCOS ISLAND,1985,-,0,0,0,0,0,0,0,0,0
0,COCOS ISLAND,1986,-,0,0,0,0,0,0,0,0,0
0,COCOS ISLAND,1987,-,0,0,0,0,0,0,0,0,0
0,COCOS ISLAND,1988,-,0,0,0,0,0,0,0,0,0
0,COCOS ISLAND,1989,-,0,0,0,0,0,0,0,0,0
0,COCOS ISLAND,1990,-,0,0,0,0,0,0,0,0,0
0,COCOS ISLAND,1991,-,0,0,0,0,0,0,0,0,0
0,COCOS ISLAND,1992,-,0,0,0,0,0,0,0,0,0
0,COCOS ISLAND,1993,-,1466,1420,2886,0,0,0,1466,1420,2886
0,COCOS ISLAND,1994,-,4441,4224,8665,0,0,0,4441,4224,8665
0,COCOS ISLAND,1995,-,5347,5016,10363,0,0,0,5347,5016,10363
0,COCOS ISLAND,1996,-,4968,4931,9899,0,0,0,4968,4931,9899
0,COCOS ISLAND,1997,-,4698,4254,8952,0,0,0,4698,4254,8952
0,COCOS ISLAND,1998,-,1649,1617,3266,0,0,0,1649,1617,3266
0,COCOS ISLAND,1999,-,1646,1652,3298,0,0,0,1646,1652,3298
0,COCOS ISLAND,2000,-,1953,1926,3879,0,0,0,1953,1926,3879
0,COCOS ISLAND,2001,-,2289,2322,4611,0,0,0,2289,2322,4611
0,COCOS ISLAND,2002,-,2163,2201,4364,0,0,0,2163,2201,4364
0,COCOS ISLAND,2003,-,2251,2241,4492,0,0,0,2251,2241,4492
0,COCOS ISLAND,2004,-,2753,2846,5599,0,0,0,2753,2846,5599
0,COCOS ISLAND,2005,-,2827,2815,5642,0,0,0,2827,2815,5642
0,COCOS ISLAND,2006,-,3158,2985,6143,0,0,0,3158,2985,6143
0,COCOS ISLAND,2007,-,3391,3309,6700,0,0,0,3391,3309,6700
0,COCOS ISLAND,2008,-,2882,2964,5846,0,0,0,2882,2964,5846
0,COCOS ISLAND,2009,-,3196,3045,6241,0,0,0,3196,3045,6241
0,COCOS ISLAND,2010,-,6363,6838,13201,0,0,0,6363,6838,13201
0,COCOS ISLAND,2011,-,6256,6235,12491,0,0,0,6256,6235,12491
0,COCOS ISLAND,2012,-,4405,4517,8922,0,0,0,4405,4517,8922
0,COCOS ISLAND,2013,-,4105,4040,8145,0,0,0,4105,4040,8145
0,COCOS ISLAND,2014,-,3960,4036,7996,0,0,0,3960,4036,7996
0,COCOS ISLAND,2015,-,7819,7846,15665,0,0,0,7819,7846,15665
0,COCOS ISLAND,2016,-,8366,8386,16752,0,0,0,8366,8386,16752
0,COCOS ISLAND,2017,-,7404,7490,14894,0,0,0,7404,7490,14894
0,COCOS ISLAND,2018,-,7571,7468,15039,0,0,0,7571,7468,15039
1,COFFS HARBOUR,1985,24,47733,47802,95535,0,0,0,47733,47802,95535
0,COFFS HARBOUR,1986,27,45486,44798,90284,0,0,0,45486,44798,90284
0,COFFS HARBOUR,1987,26,47147,47154,94301,0,0,0,47147,47154,94301
0,COFFS HARBOUR,1988,25,53885,52933,106818,0,0,0,53885,52933,106818
0,COFFS HARBOUR,1989,22,44719,44396,89115,0,0,0,44719,44396,89115
0,COFFS HARBOUR,1990,20,56812,55258,112070,0,0,0,56812,55258,112070
0,COFFS HARBOUR,1991,21,61916,61729,123645,0,0,0,61916,61729,123645
0,COFFS HARBOUR,1992,21,61229,61218,122447,0,0,0,61229,61218,122447
0,COFFS HARBOUR,1993,20,75787,76195,151982,0,0,0,75787,76195,151982
0,COFFS HARBOUR,1994,21,81085,81609,162694,0,0,0,81085,81609,162694
0,COFFS HARBOUR,1995,22,83143,83184,166327,0,0,0,83143,83184,166327
0,COFFS HARBOUR,1996,22,85124,84503,169627,0,0,0,85124,84503,169627
0,COFFS HARBOUR,1997,22,87172,87294,174466,0,0,0,87172,87294,174466
0,COFFS HARBOUR,1998,22,89152,89585,178737,0,0,0,89152,89585,178737
0,COFFS HARBOUR,1999,21,86378,87570,173948,0,0,0,86378,87570,173948
0,COFFS HARBOUR,2000,23,87905,88362,176267,0,0,0,87905,88362,176267
0,COFFS HARBOUR,2001,23,77016,76688,153704,0,0,0,77016,76688,153704
0,COFFS HARBOUR,2002,21,82763,83123,165886,0,0,0,82763,83123,165886
0,COFFS HARBOUR,2003,19,114932,114927,229859,0,0,0,114932,114927,229859
0,COFFS HARBOUR,2004,21,126759,125574,252333,0,0,0,126759,125574,252333
0,COFFS HARBOUR,2005,20,153241,151017,304258,0,0,0,153241,151017,304258
0,COFFS HARBOUR,2006,21,162649,161220,323869,0,0,0,162649,161220,323869
0,COFFS HARBOUR,2007,22,164496,165746,330242,0,0,0,164496,165746,330242
0,COFFS HARBOUR,2008,22,166952,164281,331233,0,0,0,166952,164281,331233
0,COFFS HARBOUR,2009,21,160041,159770,319811,0,0,0,160041,159770,319811
0,COFFS HARBOUR,2010,22,169283,167910,337193,0,0,0,169283,167910,337193
0,COFFS HARBOUR,2011,22,167363,168457,335820,0,0,0,167363,168457,335820
0,COFFS HARBOUR,2012,25,170187,170940,341127,0,0,0,170187,170940,341127
0,COFFS HARBOUR,2013,24,193311,194073,387384,0,0,0,193311,194073,387384
0,COFFS HARBOUR,2014,25,180148,180436,360584,0,0,0,180148,180436,360584
0,COFFS HARBOUR,2015,24,177868,177583,355451,0,0,0,177868,177583,355451
0,COFFS HARBOUR,2016,21,197798,198170,395968,0,0,0,197798,198170,395968
0,COFFS HARBOUR,2017,22,207865,207903,415768,0,0,0,207865,207903,415768
0,COFFS HARBOUR,2018,24,201814,201653,403467,0,0,0,201814,201653,403467
1,COOBER PEDY,1985,-,1581,1678,3259,0,0,0,1581,1678,3259
0,COOBER PEDY,1986,-,894,982,1876,0,0,0,894,982,1876
0,COOBER PEDY,1987,-,1206,1193,2399,0,0,0,1206,1193,2399
0,COOBER PEDY,1988,-,1844,1760,3604,0,0,0,1844,1760,3604
0,COOBER PEDY,1989,-,1525,1521,3046,0,0,0,1525,1521,3046
0,COOBER PEDY,1990,-,2234,2081,4315,0,0,0,2234,2081,4315
0,COOBER PEDY,1991,-,1936,1853,3789,0,0,0,1936,1853,3789
0,COOBER PEDY,1992,-,2819,2824,5643,0,0,0,2819,2824,5643
0,COOBER PEDY,1993,-,3011,2956,5967,0,0,0,3011,2956,5967
0,COOBER PEDY,1994,-,3258,3222,6480,0,0,0,3258,3222,6480
0,COOBER PEDY,1995,-,3556,3570,7126,0,0,0,3556,3570,7126
0,COOBER PEDY,1996,-,3528,3488,7016,0,0,0,3528,3488,7016
0,COOBER PEDY,1997,-,3098,3069,6167,0,0,0,3098,3069,6167
0,COOBER PEDY,1998,-,2999,2929,5928,0,0,0,2999,2929,5928
0,COOBER PEDY,1999,-,2645,2563,5208,0,0,0,2645,2563,5208
0,COOBER PEDY,2000,-,2141,2135,4276,0,0,0,2141,2135,4276
0,COOBER PEDY,2001,-,1878,1875,3753,0,0,0,1878,1875,3753
0,COOBER PEDY,2002,-,2049,2064,4113,0,0,0,2049,2064,4113
0,COOBER PEDY,2003,-,2422,2531,4953,0,0,0,2422,2531,4953
0,COOBER PEDY,2004,-,3286,3420,6706,0,0,0,3286,3420,6706
0,COOBER PEDY,2005,-,3567,3746,7313,0,0,0,3567,3746,7313
0,COOBER PEDY,2006,-,4871,4984,9855,0,0,0,4871,4984,9855
0,COOBER PEDY,2007,-,5157,5488,10645,0,0,0,5157,5488,10645
0,COOBER PEDY,2008,-,4983,5251,10234,0,0,0,4983,5251,10234
0,COOBER PEDY,2009,-,4505,4751,9256,0,0,0,4505,4751,9256
0,COOBER PEDY,2010,-,5203,5300,10503,0,0,0,5203,5300,10503
0,COOBER PEDY,2011,-,5744,5775,11519,0,0,0,5744,5775,11519
0,COOBER PEDY,2012,-,5790,5915,11705,0,0,0,5790,5915,11705
0,COOBER PEDY,2013,-,4948,4921,9869,0,0,0,4948,4921,9869
0,COOBER PEDY,2014,-,4478,4567,9045,0,0,0,4478,4567,9045
0,COOBER PEDY,2015,-,4080,4100,8180,0,0,0,4080,4100,8180
0,COOBER PEDY,2016,-,4393,4429,8822,0,0,0,4393,4429,8822
0,COOBER PEDY,2017,-,4579,4542,9121,0,0,0,4579,4542,9121
0,COOBER PEDY,2018,-,4628,4841,9469,0,0,0,4628,4841,9469
1,COOKTOWN,1985,-,2204,2242,4446,0,0,0,2204,2242,4446
0,COOKTOWN,1986,-,2672,2833,5505,0,0,0,2672,2833,5505
0,COOKTOWN,1987,-,3012,2937,5949,0,0,0,3012,2937,5949
0,COOKTOWN,1988,-,787,751,1538,0,0,0,787,751,1538
0,COOKTOWN,1989,-,22,9,31,0,0,0,22,9,31
0,COOKTOWN,1990,-,1886,1883,3769,0,0,0,1886,1883,3769
0,COOKTOWN,1991,-,4137,4351,8488,0,0,0,4137,4351,8488
0,COOKTOWN,1992,-,5414,5704,11118,0,0,0,5414,5704,11118
0,COOKTOWN,1993,-,5797,6153,11950,0,0,0,5797,6153,11950
0,COOKTOWN,1994,-,4812,4944,9756,0,0,0,4812,4944,9756
0,COOKTOWN,1995,-,6988,7291,14279,0,0,0,6988,7291,14279
0,COOKTOWN,1996,-,7597,7797,15394,0,0,0,7597,7797,15394
0,COOKTOWN,1997,-,7298,7513,14811,0,0,0,7298,7513,14811
0,COOKTOWN,1998,-,7335,7667,15002,0,0,0,7335,7667,15002
0,COOKTOWN,1999,-,7595,7793,15388,0,0,0,7595,7793,15388
0,COOKTOWN,2000,-,7735,7827,15562,0,0,0,7735,7827,15562
0,COOKTOWN,2001,-,6293,6384,12677,0,0,0,6293,6384,12677
0,COOKTOWN,2002,-,5656,5500,11156,0,0,0,5656,5500,11156
0,COOKTOWN,2003,-,6303,6149,12452,0,0,0,6303,6149,12452
0,COOKTOWN,2004,-,7158,6995,14153,0,0,0,7158,6995,14153
0,COOKTOWN,2005,-,7866,7977,15843,0,0,0,7866,7977,15843
0,COOKTOWN,2006,-,7831,8163,15994,0,0,0,7831,8163,15994
0,COOKTOWN,2007,-,7756,8348,16104,0,0,0,7756,8348,16104
0,COOKTOWN,2008,-,8091,8309,16400,0,0,0,8091,8309,16400
0,COOKTOWN,2009,-,5005,5242,10247,0,0,0,5005,5242,10247
0,COOKTOWN,2010,-,5168,5367,10535,0,0,0,5168,5367,10535
0,COOKTOWN,2011,-,4519,4805,9324,0,0,0,4519,4805,9324
0,COOKTOWN,2012,-,4164,4515,8679,0,0,0,4164,4515,8679
0,COOKTOWN,2013,-,4431,4646,9077,0,0,0,4431,4646,9077
0,COOKTOWN,2014,-,4985,5235,10220,0,0,0,4985,5235,10220
0,COOKTOWN,2015,-,4958,5110,10068,0,0,0,4958,5110,10068
0,COOKTOWN,2016,-,5016,5302,10318,0,0,0,5016,5302,10318
0,COOKTOWN,2017,-,6037,6212,12249,0,0,0,6037,6212,12249
0,COOKTOWN,2018,-,6473,6727,13200,0,0,0,6473,6727,13200
1,COOMA,1985,-,21515,22001,43516,0,0,0,21515,22001,43516
0,COOMA,1986,-,22394,22884,45278,0,0,0,22394,22884,45278
0,COOMA,1987,-,21382,21923,43305,0,0,0,21382,21923,43305
0,COOMA,1988,-,21195,21787,42982,0,0,0,21195,21787,42982
0,COOMA,1989,-,13685,13778,27463,0,0,0,13685,13778,27463
0,COOMA,1990,-,12627,12436,25063,0,0,0,12627,12436,25063
0,COOMA,1991,-,9747,9406,19153,0,0,0,9747,9406,19153
0,COOMA,1992,-,9684,9649,19333,0,0,0,9684,9649,19333
0,COOMA,1993,-,7927,7917,15844,0,0,0,7927,7917,15844
0,COOMA,1994,-,9501,9513,19014,0,0,0,9501,9513,19014
0,COOMA,1995,-,9830,9705,19535,0,0,0,9830,9705,19535
0,COOMA,1996,-,9750,9775,19525,0,0,0,9750,9775,19525
0,COOMA,1997,-,10439,10480,20919,0,0,0,10439,10480,20919
0,COOMA,1998,-,10881,10883,21764,0,0,0,10881,10883,21764
0,COOMA,1999,-,10270,10270,20540,0,0,0,10270,10270,20540
0,COOMA,2000,-,10846,10846,21692,0,0,0,10846,10846,21692
0,COOMA,2001,-,7400,7162,14562,0,0,0,7400,7162,14562
0,COOMA,2002,-,6158,6125,12283,0,0,0,6158,6125,12283
0,COOMA,2003,-,6456,6456,12912,0,0,0,6456,6456,12912
0,COOMA,2004,-,254,280,534,0,0,0,254,280,534
0,COOMA,2005,-,4640,4358,8998,0,0,0,4640,4358,8998
0,COOMA,2006,-,8502,8149,16651,0,0,0,8502,8149,16651
0,COOMA,2007,-,8241,8114,16355,0,0,0,8241,8114,16355
0,COOMA,2008,-,0,0,0,0,0,0,0,0,0
0,COOMA,2009,-,0,0,0,0,0,0,0,0,0
0,COOMA,2010,-,2145,2064,4209,0,0,0,2145,2064,4209
0,COOMA,2011,-,2457,2359,4816,0,0,0,2457,2359,4816
0,COOMA,2012,-,1112,1016,2128,0,0,0,1112,1016,2128
0,COOMA,2013,-,799,762,1561,0,0,0,799,762,1561
0,COOMA,2014,-,0,0,0,0,0,0,0,0,0
0,COOMA,2015,-,0,0,0,0,0,0,0,0,0
0,COOMA,2016,-,4023,3906,7929,0,0,0,4023,3906,7929
0,COOMA,2017,-,4026,3815,7841,0,0,0,4026,3815,7841
0,COOMA,2018,-,3973,3359,7332,0,0,0,3973,3359,7332
1,DARWIN,1985,14,173760,177449,351209,23185,23654,46839,196945,201103,398048
0,DARWIN,1986,14,179138,184693,363831,24686,24025,48711,203824,208718,412542
0,DARWIN,1987,13,190871,196110,386981,31434,30552,61986,222305,226662,448967
0,DARWIN,1988,13,203020,208400,411420,40185,39140,79325,243205,247540,490745
0,DARWIN,1989,12,156869,156184,313053,45946,46823,92769,202815,203007,405822
0,DARWIN,1990,12,192915,197902,390817,47225,47064,94289,240140,244966,485106
0,DARWIN,1991,11,212636,220124,432760,44388,44837,89225,257024,264961,521985
0,DARWIN,1992,11,244266,249160,493426,45618,45190,90808,289884,294350,584234
0,DARWIN,1993,11,273536,278533,552069,52032,51030,103062,325568,329563,655131
0,DARWIN,1994,10,319578,327354,646932,68306,63675,131981,387884,391029,778913
0,DARWIN,1995,10,365584,377707,743291,73033,66604,139637,438617,444311,882928
0,DARWIN,1996,9,405964,415620,821584,76720,71168,147888,482684,486788,969472
0,DARWIN,1997,9,407156,415427,822583,89054,82265,171319,496210,497692,993902
0,DARWIN,1998,9,423433,430288,853721,91275,86498,177773,514708,516786,1031494
0,DARWIN,1999,9,438846,440117,878963,81713,74345,156058,520559,514462,1035021
0,DARWIN,2000,9,450268,456316,906584,87913,81583,169496,538181,537899,1076080
0,DARWIN,2001,9,419534,428212,847746,79069,72554,151623,498603,500766,999369
0,DARWIN,2002,9,444793,449298,894091,51563,51648,103211,496356,500946,997302
0,DARWIN,2003,10,458526,465633,924159,38276,39414,77690,496802,505047,1001849
0,DARWIN,2004,10,526936,534906,1061842,49885,48489,98374,576821,583395,1160216
0,DARWIN,2005,10,551842,558708,1110550,52436,51946,104382,604278,610654,1214932
0,DARWIN,2006,10,586843,599476,1186319,61497,65331,126828,648340,664807,1313147
0,DARWIN,2007,10,650440,661544,1311984,74859,76460,151319,725299,738004,1463303
0,DARWIN,2008,10,703323,705993,1409316,95345,92492,187837,798668,798485,1597153
0,DARWIN,2009,10,658651,666148,1324799,101943,93799,195742,760594,759947,1520541
0,DARWIN,2010,10,698133,707835,1405968,112436,104569,217005,810569,812404,1622973
0,DARWIN,2011,9,777887,781883,1559770,160648,166287,326935,938535,948170,1886705
0,DARWIN,2012,9,800512,811566,1612078,161735,166979,328714,962247,978545,1940792
0,DARWIN,2013,10,810602,833329,1643931,162654,170563,333217,973256,1003892,1977148
0,DARWIN,2014,10,873578,886961,1760539,158654,160016,318670,1032232,1046977,2079209
0,DARWIN,2015,10,880897,887864,1768761,132904,129883,262787,1013801,1017747,2031548
0,DARWIN,2016,10,899500,903629,1803129,134483,137586,272069,1033983,1041215,2075198
0,DARWIN,2017,10,900081,901917,1801998,137986,136871,274857,1038067,1038788,2076855
0,DARWIN,2018,10,867024,876768,1743792,115031,113560,228591,982055,990328,1972383
1,DEVONPORT,1985,16,133570,132362,265932,0,0,0,133570,132362,265932
0,DEVONPORT,1986,15,144338,144768,289106,0,0,0,144338,144768,289106
0,DEVONPORT,1987,15,146443,147291,293734,0,0,0,146443,147291,293734
0,DEVONPORT,1988,15,111550,111306,222856,0,0,0,111550,111306,222856
0,DEVONPORT,1989,15,76221,77650,153871,0,0,0,76221,77650,153871
0,DEVONPORT,1990,15,93075,91386,184461,0,0,0,93075,91386,184461
0,DEVONPORT,1991,17,88021,90215,178236,0,0,0,88021,90215,178236
0,DEVONPORT,1992,25,54154,54728,108882,0,0,0,54154,54728,108882
0,DEVONPORT,1993,25,58330,59451,117781,0,0,0,58330,59451,117781
0,DEVONPORT,1994,26,59114,61154,120268,0,0,0,59114,61154,120268
0,DEVONPORT,1995,25,64684,65289,129973,0,0,0,64684,65289,129973
0,DEVONPORT,1996,26,62321,62295,124616,0,0,0,62321,62295,124616
0,DEVONPORT,1997,26,64904,65272,130176,0,0,0,64904,65272,130176
0,DEVONPORT,1998,26,66458,67029,133487,0,0,0,66458,67029,133487
0,DEVONPORT,1999,27,67822,68733,136555,0,0,0,67822,68733,136555
0,DEVONPORT,2000,26,68595,67689,136284,0,0,0,68595,67689,136284
0,DEVONPORT,2001,27,58182,57684,115866,0,0,0,58182,57684,115866
0,DEVONPORT,2002,27,53756,52404,106160,0,0,0,53756,52404,106160
0,DEVONPORT,2003,29,54939,54749,109688,0,0,0,54939,54749,109688
0,DEVONPORT,2004,32,59915,61026,120941,0,0,0,59915,61026,120941
0,DEVONPORT,2005,36,51713,51689,103402,0,0,0,51713,51689,103402
0,DEVONPORT,2006,44,45121,45170,90291,0,0,0,45121,45170,90291
0,DEVONPORT,2007,46,43863,44550,88413,0,0,0,43863,44550,88413
0,DEVONPORT,2008,42,55644,54447,110091,0,0,0,55644,54447,110091
0,DEVONPORT,2009,40,59358,58353,117711,0,0,0,59358,58353,117711
0,DEVONPORT,2010,40,68957,68319,137276,0,0,0,68957,68319,137276
0,DEVONPORT,2011,40,68645,67961,136606,0,0,0,68645,67961,136606
0,DEVONPORT,2012,41,67808,67559,135367,0,0,0,67808,67559,135367
0,DEVONPORT,2013,44,63996,63780,127776,0,0,0,63996,63780,127776
0,DEVONPORT,2014,43,67776,67567,135343,0,0,0,67776,67567,135343
0,DEVONPORT,2015,41,71903,71519,143422,0,0,0,71903,71519,143422
0,DEVONPORT,2016,41,73754,73459,147213,0,0,0,73754,73459,147213
0,DEVONPORT,2017,41,73928,73344,147272,0,0,0,73928,73344,147272
0,DEVONPORT,2018,41,73861,73398,147259,0,0,0,73861,73398,147259
1,DUBBO,1985,31,40168,40461,80629,0,0,0,40168,40461,80629
0,DUBBO,1986,35,39005,38901,77906,0,0,0,39005,38901,77906
0,DUBBO,1987,33,35592,35468,71060,0,0,0,35592,35468,71060
0,DUBBO,1988,34,37135,36657,73792,0,0,0,37135,36657,73792
0,DUBBO,1989,31,30658,30764,61422,0,0,0,30658,30764,61422
0,DUBBO,1990,31,35316,36866,72182,0,0,0,35316,36866,72182
0,DUBBO,1991,36,32363,32190,64553,0,0,0,32363,32190,64553
0,DUBBO,1992,31,41889,41907,83796,0,0,0,41889,41907,83796
0,DUBBO,1993,32,41203,41944,83147,0,0,0,41203,41944,83147
0,DUBBO,1994,29,50365,49912,100277,0,0,0,50365,49912,100277
0,DUBBO,1995,31,53705,54096,107801,0,0,0,53705,54096,107801
0,DUBBO,1996,28,56102,55979,112081,0,0,0,56102,55979,112081
0,DUBBO,1997,29,56325,57041,113366,0,0,0,56325,57041,113366
0,DUBBO,1998,30,61048,62071,123119,0,0,0,61048,62071,123119
0,DUBBO,1999,29,62377,62639,125016,0,0,0,62377,62639,125016
0,DUBBO,2000,29,62032,62571,124603,0,0,0,62032,62571,124603
0,DUBBO,2001,28,56235,56376,112611,0,0,0,56235,56376,112611
0,DUBBO,2002,28,52762,53390,106152,0,0,0,52762,53390,106152
0,DUBBO,2003,27,57878,58030,115908,0,0,0,57878,58030,115908
0,DUBBO,2004,27,71921,72317,144238,0,0,0,71921,72317,144238
0,DUBBO,2005,28,76449,76494,152943,0,0,0,76449,76494,152943
0,DUBBO,2006,30,81401,82046,163447,0,0,0,81401,82046,163447
0,DUBBO,2007,30,90231,90978,181209,0,0,0,90231,90978,181209
0,DUBBO,2008,32,93075,92343,185418,0,0,0,93075,92343,185418
0,DUBBO,2009,33,83825,84573,168398,0,0,0,83825,84573,168398
0,DUBBO,2010,35,88238,88966,177204,0,0,0,88238,88966,177204
0,DUBBO,2011,37,84666,84971,169637,0,0,0,84666,84971,169637
0,DUBBO,2012,37,85379,86008,171387,0,0,0,85379,86008,171387
0,DUBBO,2013,38,87908,88224,176132,0,0,0,87908,88224,176132
0,DUBBO,2014,37,95618,96031,191649,0,0,0,95618,96031,191649
0,DUBBO,2015,35,92935,93389,186324,0,0,0,92935,93389,186324
0,DUBBO,2016,34,98082,98507,196589,0,0,0,98082,98507,196589
0,DUBBO,2017,32,112230,112393,224623,0,0,0,112230,112393,224623
0,DUBBO,2018,33,103233,102989,206222,0,0,0,103233,102989,206222
1,EDWARD RIVER,1985,-,1289,1251,2540,0,0,0,1289,1251,2540
0,EDWARD RIVER,1986,-,1107,1141,2248,0,0,0,1107,1141,2248
0,EDWARD RIVER,1987,-,749,740,1489,0,0,0,749,740,1489
0,EDWARD RIVER,1988,-,0,0,0,0,0,0,0,0,0
0,EDWARD RIVER,1989,-,0,0,0,0,0,0,0,0,0
0,EDWARD RIVER,1990,-,227,210,437,0,0,0,227,210,437
0,EDWARD RIVER,1991,-,824,734,1558,0,0,0,824,734,1558
0,EDWARD RIVER,1992,-,995,868,1863,0,0,0,995,868,1863
0,EDWARD RIVER,1993,-,825,750,1575,0,0,0,825,750,1575
0,EDWARD RIVER,1994,-,832,785,1617,0,0,0,832,785,1617
0,EDWARD RIVER,1995,-,976,993,1969,0,0,0,976,993,1969
0,EDWARD RIVER,1996,-,899,836,1735,0,0,0,899,836,1735
0,EDWARD RIVER,1997,-,959,910,1869,0,0,0,959,910,1869
0,EDWARD RIVER,1998,-,965,919,1884,0,0,0,965,919,1884
0,EDWARD RIVER,1999,-,993,933,1926,0,0,0,993,933,1926
0,EDWARD RIVER,2000,-,1008,945,1953,0,0,0,1008,945,1953
0,EDWARD RIVER,2001,-,1054,956,2010,0,0,0,1054,956,2010
0,EDWARD RIVER,2002,-,941,759,1700,0,0,0,941,759,1700
0,EDWARD RIVER,2003,-,1111,1063,2174,0,0,0,1111,1063,2174
0,EDWARD RIVER,2004,-,1197,1198,2395,0,0,0,1197,1198,2395
0,EDWARD RIVER,2005,-,1244,1240,2484,0,0,0,1244,1240,2484
0,EDWARD RIVER,2006,-,2013,1967,3980,0,0,0,2013,1967,3980
0,EDWARD RIVER,2007,-,2858,2875,5733,0,0,0,2858,2875,5733
0,EDWARD RIVER,2008,-,3122,2982,6104,0,0,0,3122,2982,6104
0,EDWARD RIVER,2009,-,3766,3652,7418,0,0,0,3766,3652,7418
0,EDWARD RIVER,2010,-,3487,2993,6480,0,0,0,3487,2993,6480
0,EDWARD RIVER,2011,-,2028,2001,4029,0,0,0,2028,2001,4029
0,EDWARD RIVER,2012,-,1911,1818,3729,0,0,0,1911,1818,3729
0,EDWARD RIVER,2013,-,1723,1644,3367,0,0,0,1723,1644,3367
0,EDWARD RIVER,2014,-,1899,1828,3727,0,0,0,1899,1828,3727
0,EDWARD RIVER,2015,-,1496,1339,2835,0,0,0,1496,1339,2835
0,EDWARD RIVER,2016,-,1663,1634,3297,0,0,0,1663,1634,3297
0,EDWARD RIVER,2017,-,2765,2898,5663,0,0,0,2765,2898,5663
0,EDWARD RIVER,2018,-,4031,4263,8294,0,0,0,4031,4263,8294
1,ELCHO ISLAND,1985,-,4632,4647,9279,0,0,0,4632,4647,9279
0,ELCHO ISLAND,1986,-,5316,5072,10388,0,0,0,5316,5072,10388
0,ELCHO ISLAND,1987,-,5108,5310,10418,0,0,0,5108,5310,10418
0,ELCHO ISLAND,1988,-,6297,6452,12749,0,0,0,6297,6452,12749
0,ELCHO ISLAND,1989,-,5432,5948,11380,0,0,0,5432,5948,11380
0,ELCHO ISLAND,1990,-,5038,5720,10758,0,0,0,5038,5720,10758
0,ELCHO ISLAND,1991,-,4944,5546,10490,0,0,0,4944,5546,10490
0,ELCHO ISLAND,1992,-,5117,5714,10831,0,0,0,5117,5714,10831
0,ELCHO ISLAND,1993,-,4453,4666,9119,0,0,0,4453,4666,9119
0,ELCHO ISLAND,1994,-,4211,4210,8421,0,0,0,4211,4210,8421
0,ELCHO ISLAND,1995,-,6882,6541,13423,0,0,0,6882,6541,13423
0,ELCHO ISLAND,1996,-,7920,7926,15846,0,0,0,7920,7926,15846
0,ELCHO ISLAND,1997,-,8729,8708,17437,0,0,0,8729,8708,17437
0,ELCHO ISLAND,1998,-,8316,8233,16549,0,0,0,8316,8233,16549
0,ELCHO ISLAND,1999,-,8607,8712,17319,0,0,0,8607,8712,17319
0,ELCHO ISLAND,2000,-,7174,7215,14389,0,0,0,7174,7215,14389
0,ELCHO ISLAND,2001,-,6832,7011,13843,0,0,0,6832,7011,13843
0,ELCHO ISLAND,2002,-,4759,4670,9429,0,0,0,4759,4670,9429
0,ELCHO ISLAND,2003,-,4687,4589,9276,0,0,0,4687,4589,9276
0,ELCHO ISLAND,2004,-,4931,4928,9859,0,0,0,4931,4928,9859
0,ELCHO ISLAND,2005,-,4605,4592,9197,0,0,0,4605,4592,9197
0,ELCHO ISLAND,2006,-,2736,2740,5476,0,0,0,2736,2740,5476
0,ELCHO ISLAND,2007,-,2986,2953,5939,0,0,0,2986,2953,5939
0,ELCHO ISLAND,2008,-,3594,3648,7242,0,0,0,3594,3648,7242
0,ELCHO ISLAND,2009,-,4229,4079,8308,0,0,0,4229,4079,8308
0,ELCHO ISLAND,2010,-,4038,3812,7850,0,0,0,4038,3812,7850
0,ELCHO ISLAND,2011,-,4274,4136,8410,0,0,0,4274,4136,8410
0,ELCHO ISLAND,2012,-,3732,3708,7440,0,0,0,3732,3708,7440
0,ELCHO ISLAND,2013,-,3793,3643,7436,0,0,0,3793,3643,7436
0,ELCHO ISLAND,2014,-,3937,3706,7643,0,0,0,3937,3706,7643
0,ELCHO ISLAND,2015,-,4325,4197,8522,0,0,0,4325,4197,8522
0,ELCHO ISLAND,2016,-,4007,3985,7992,0,0,0,4007,3985,7992
0,ELCHO ISLAND,2017,-,5045,4821,9866,0,0,0,5045,4821,9866
0,ELCHO ISLAND,2018,-,4810,4485,9295,0,0,0,4810,4485,9295
1,EMERALD,1985,-,7132,7059,14191,0,0,0,7132,7059,14191
0,EMERALD,1986,-,7326,7406,14732,0,0,0,7326,7406,14732
0,EMERALD,1987,-,5532,5157,10689,0,0,0,5532,5157,10689
0,EMERALD,1988,-,5498,5869,11367,0,0,0,5498,5869,11367
0,EMERALD,1989,-,6531,6379,12910,0,0,0,6531,6379,12910
0,EMERALD,1990,-,8351,8408,16759,0,0,0,8351,8408,16759
0,EMERALD,1991,-,12677,12830,25507,0,0,0,12677,12830,25507
0,EMERALD,1992,-,16385,16207,32592,0,0,0,16385,16207,32592
0,EMERALD,1993,-,18330,18364,36694,0,0,0,18330,18364,36694
0,EMERALD,1994,-,18121,18072,36193,0,0,0,18121,18072,36193
0,EMERALD,1995,-,18929,18810,37739,0,0,0,18929,18810,37739
0,EMERALD,1996,-,18035,17801,35836,0,0,0,18035,17801,35836
0,EMERALD,1997,-,18913,19024,37937,0,0,0,18913,19024,37937
0,EMERALD,1998,-,17459,17411,34870,0,0,0,17459,17411,34870
0,EMERALD,1999,-,18190,17947,36137,0,0,0,18190,17947,36137
0,EMERALD,2000,-,20359,20240,40599,0,0,0,20359,20240,40599
0,EMERALD,2001,-,17180,17201,34381,0,0,0,17180,17201,34381
0,EMERALD,2002,-,19688,19704,39392,0,0,0,19688,19704,39392
0,EMERALD,2003,-,21737,21870,43607,0,0,0,21737,21870,43607
0,EMERALD,2004,49,26675,27140,53815,0,0,0,26675,27140,53815
0,EMERALD,2005,46,34669,35259,69928,0,0,0,34669,35259,69928
0,EMERALD,2006,45,43766,45179,88945,0,0,0,43766,45179,88945
0,EMERALD,2007,42,48489,50188,98677,0,0,0,48489,50188,98677
0,EMERALD,2008,39,58071,59905,117976,0,0,0,58071,59905,117976
0,EMERALD,2009,39,58701,60307,119008,0,0,0,58701,60307,119008
0,EMERALD,2010,39,69561,72060,141621,0,0,0,69561,72060,141621
0,EMERALD,2011,36,95811,97530,193341,0,0,0,95811,97530,193341
0,EMERALD,2012,28,138853,141564,280417,0,0,0,138853,141564,280417
0,EMERALD,2013,26,140354,142879,283233,0,0,0,140354,142879,283233
0,EMERALD,2014,28,124359,124581,248940,0,0,0,124359,124581,248940
0,EMERALD,2015,32,106766,105729,212495,0,0,0,106766,105729,212495
0,EMERALD,2016,33,99488,99543,199031,0,0,0,99488,99543,199031
0,EMERALD,2017,34,98711,99029,197740,0,0,0,98711,99029,197740
0,EMERALD,2018,35,98767,96453,195220,0,0,0,98767,96453,195220
1,ESPERANCE,1985,-,8950,9080,18030,0,0,0,8950,9080,18030
0,ESPERANCE,1986,-,9705,9584,19289,0,0,0,9705,9584,19289
0,ESPERANCE,1987,-,9096,9061,18157,0,0,0,9096,9061,18157
0,ESPERANCE,1988,-,9597,9601,19198,0,0,0,9597,9601,19198
0,ESPERANCE,1989,-,8130,8082,16212,0,0,0,8130,8082,16212
0,ESPERANCE,1990,-,8225,8228,16453,0,0,0,8225,8228,16453
0,ESPERANCE,1991,-,7908,7954,15862,0,0,0,7908,7954,15862
0,ESPERANCE,1992,-,7828,7940,15768,0,0,0,7828,7940,15768
0,ESPERANCE,1993,-,8732,8852,17584,0,0,0,8732,8852,17584
0,ESPERANCE,1994,-,10020,10128,20148,0,0,0,10020,10128,20148
0,ESPERANCE,1995,-,11457,11596,23053,0,0,0,11457,11596,23053
0,ESPERANCE,1996,-,12978,13002,25980,0,0,0,12978,13002,25980
0,ESPERANCE,1997,-,13149,13252,26401,0,0,0,13149,13252,26401
0,ESPERANCE,1998,-,13919,13910,27829,0,0,0,13919,13910,27829
0,ESPERANCE,1999,-,15815,15875,31690,0,0,0,15815,15875,31690
0,ESPERANCE,2000,-,17649,17674,35323,0,0,0,17649,17674,35323
0,ESPERANCE,2001,-,15251,15171,30422,0,0,0,15251,15171,30422
0,ESPERANCE,2002,-,14355,14584,28939,0,0,0,14355,14584,28939
0,ESPERANCE,2003,-,14138,14162,28300,0,0,0,14138,14162,28300
0,ESPERANCE,2004,-,16800,16819,33619,0,0,0,16800,16819,33619
0,ESPERANCE,2005,-,17958,17845,35803,0,0,0,17958,17845,35803
0,ESPERANCE,2006,-,18946,19177,38123,0,0,0,18946,19177,38123
0,ESPERANCE,2007,-,21344,21412,42756,0,0,0,21344,21412,42756
0,ESPERANCE,2008,-,22296,22478,44774,0,0,0,22296,22478,44774
0,ESPERANCE,2009,-,22017,21910,43927,0,0,0,22017,21910,43927
0,ESPERANCE,2010,-,22931,23082,46013,0,0,0,22931,23082,46013
0,ESPERANCE,2011,-,24162,23930,48092,0,0,0,24162,23930,48092
0,ESPERANCE,2012,-,23253,22711,45964,0,0,0,23253,22711,45964
0,ESPERANCE,2013,-,24028,24135,48163,0,0,0,24028,24135,48163
0,ESPERANCE,2014,59,26991,27078,54069,0,0,0,26991,27078,54069
0,ESPERANCE,2015,61,25567,25876,51443,0,0,0,25567,25876,51443
0,ESPERANCE,2016,-,23650,24341,47991,0,0,0,23650,24341,47991
0,ESPERANCE,2017,62,24652,25884,50536,0,0,0,24652,25884,50536
0,ESPERANCE,2018,62,25107,26167,51274,0,0,0,25107,26167,51274
1,ESSENDON FIELDS,1985,-,1416,1353,2769,0,0,0,1416,1353,2769
0,ESSENDON FIELDS,1986,-,2306,2423,4729,0,0,0,2306,2423,4729
0,ESSENDON FIELDS,1987,-,3656,4425,8081,0,0,0,3656,4425,8081
0,ESSENDON FIELDS,1988,-,5298,5292,10590,0,0,0,5298,5292,10590
0,ESSENDON FIELDS,1989,-,6230,6523,12753,0,0,0,6230,6523,12753
0,ESSENDON FIELDS,1990,-,9743,9855,19598,0,0,0,9743,9855,19598
0,ESSENDON FIELDS,1991,-,5106,4944,10050,0,0,0,5106,4944,10050
0,ESSENDON FIELDS,1992,-,2989,2825,5814,0,0,0,2989,2825,5814
0,ESSENDON FIELDS,1993,-,1726,1632,3358,0,0,0,1726,1632,3358
0,ESSENDON FIELDS,1994,-,2938,2892,5830,0,0,0,2938,2892,5830
0,ESSENDON FIELDS,1995,-,132,132,264,0,0,0,132,132,264
0,ESSENDON FIELDS,1996,-,203,201,404,0,0,0,203,201,404
0,ESSENDON FIELDS,1997,-,1357,1361,2718,0,0,0,1357,1361,2718
0,ESSENDON FIELDS,1998,-,1422,1412,2834,0,0,0,1422,1412,2834
0,ESSENDON FIELDS,1999,-,1297,1297,2594,0,0,0,1297,1297,2594
0,ESSENDON FIELDS,2000,-,820,820,1640,0,0,0,820,820,1640
0,ESSENDON FIELDS,2001,-,1206,1165,2371,0,0,0,1206,1165,2371
0,ESSENDON FIELDS,2002,-,1949,1841,3790,0,0,0,1949,1841,3790
0,ESSENDON FIELDS,2003,-,1092,1025,2117,0,0,0,1092,1025,2117
0,ESSENDON FIELDS,2004,-,5018,4654,9672,0,0,0,5018,4654,9672
0,ESSENDON FIELDS,2005,-,3856,3794,7650,0,0,0,3856,3794,7650
0,ESSENDON FIELDS,2006,-,3401,3304,6705,0,0,0,3401,3304,6705
0,ESSENDON FIELDS,2007,-,5793,5440,11233,0,0,0,5793,5440,11233
0,ESSENDON FIELDS,2008,-,8701,8271,16972,0,0,0,8701,8271,16972
0,ESSENDON FIELDS,2009,-,7687,7779,15466,0,0,0,7687,7779,15466
0,ESSENDON FIELDS,2010,-,10676,11054,21730,0,0,0,10676,11054,21730
0,ESSENDON FIELDS,2011,-,10128,9803,19931,0,0,0,10128,9803,19931
0,ESSENDON FIELDS,2012,-,9299,9537,18836,0,0,0,9299,9537,18836
0,ESSENDON FIELDS,2013,-,8593,8634,17227,0,0,0,8593,8634,17227
0,ESSENDON FIELDS,2014,-,8277,6650,14927,0,0,0,8277,6650,14927
0,ESSENDON FIELDS,2015,-,7435,7091,14526,0,0,0,7435,7091,14526
0,ESSENDON FIELDS,2016,-,9521,9409,18930,0,0,0,9521,9409,18930
0,ESSENDON FIELDS,2017,-,17444,17203,34647,0,0,0,17444,17203,34647
0,ESSENDON FIELDS,2018,-,19796,20236,40032,0,0,0,19796,20236,40032
1,FLINDERS ISLAND,1985,-,8029,8042,16071,0,0,0,8029,8042,16071
0,FLINDERS ISLAND,1986,-,7719,7768,15487,0,0,0,7719,7768,15487
0,FLINDERS ISLAND,1987,-,7937,7738,15675,0,0,0,7937,7738,15675
0,FLINDERS ISLAND,1988,-,8539,8546,17085,0,0,0,8539,8546,17085
0,FLINDERS ISLAND,1989,-,8756,8752,17508,0,0,0,8756,8752,17508
0,FLINDERS ISLAND,1990,-,10346,10384,20730,0,0,0,10346,10384,20730
0,FLINDERS ISLAND,1991,-,10697,10704,21401,0,0,0,10697,10704,21401
0,FLINDERS ISLAND,1992,-,10994,11097,22091,0,0,0,10994,11097,22091
0,FLINDERS ISLAND,1993,-,10355,10447,20802,0,0,0,10355,10447,20802
0,FLINDERS ISLAND,1994,-,10445,10544,20989,0,0,0,10445,10544,20989
0,FLINDERS ISLAND,1995,-,8832,8960,17792,0,0,0,8832,8960,17792
0,FLINDERS ISLAND,1996,-,8241,8265,16506,0,0,0,8241,8265,16506
0,FLINDERS ISLAND,1997,-,10500,10581,21081,0,0,0,10500,10581,21081
0,FLINDERS ISLAND,1998,-,11132,11142,22274,0,0,0,11132,11142,22274
0,FLINDERS ISLAND,1999,-,10135,10055,20190,0,0,0,10135,10055,20190
0,FLINDERS ISLAND,2000,-,4604,4474,9078,0,0,0,4604,4474,9078
0,FLINDERS ISLAND,2001,-,3703,3703,7406,0,0,0,3703,3703,7406
0,FLINDERS ISLAND,2002,-,3746,3746,7492,0,0,0,3746,3746,7492
0,FLINDERS ISLAND,2003,-,3276,3276,6552,0,0,0,3276,3276,6552
0,FLINDERS ISLAND,2004,-,6825,8191,15016,0,0,0,6825,8191,15016
0,FLINDERS ISLAND,2005,-,7691,8213,15904,0,0,0,7691,8213,15904
0,FLINDERS ISLAND,2006,-,8827,8928,17755,0,0,0,8827,8928,17755
0,FLINDERS ISLAND,2007,-,8930,9103,18033,0,0,0,8930,9103,18033
0,FLINDERS ISLAND,2008,-,9214,9083,18297,0,0,0,9214,9083,18297
0,FLINDERS ISLAND,2009,-,9617,9571,19188,0,0,0,9617,9571,19188
0,FLINDERS ISLAND,2010,-,9733,9658,19391,0,0,0,9733,9658,19391
0,FLINDERS ISLAND,2011,-,9247,9894,19141,0,0,0,9247,9894,19141
0,FLINDERS ISLAND,2012,-,9849,9982,19831,0,0,0,9849,9982,19831
0,FLINDERS ISLAND,2013,-,9854,10066,19920,0,0,0,9854,10066,19920
0,FLINDERS ISLAND,2014,-,9904,9933,19837,0,0,0,9904,9933,19837
0,FLINDERS ISLAND,2015,-,9948,9967,19915,0,0,0,9948,9967,19915
0,FLINDERS ISLAND,2016,-,10567,10667,21234,0,0,0,10567,10667,21234
0,FLINDERS ISLAND,2017,-,10343,10342,20685,0,0,0,10343,10342,20685
0,FLINDERS ISLAND,2018,-,11214,11253,22467,0,0,0,11214,11253,22467
1,GERALDTON,1985,37,36374,36070,72444,0,0,0,36374,36070,72444
0,GERALDTON,1986,37,37470,37214,74684,0,0,0,37470,37214,74684
0,GERALDTON,1987,35,33865,33879,67744,0,0,0,33865,33879,67744
0,GERALDTON,1988,37,34128,33492,67620,0,0,0,34128,33492,67620
0,GERALDTON,1989,-,24749,24919,49668,0,0,0,24749,24919,49668
0,GERALDTON,1990,34,31931,31710,63641,0,0,0,31931,31710,63641
0,GERALDTON,1991,35,33324,32978,66302,0,0,0,33324,32978,66302
0,GERALDTON,1992,36,34292,33863,68155,0,0,0,34292,33863,68155
0,GERALDTON,1993,38,36171,35247,71418,0,0,0,36171,35247,71418
0,GERALDTON,1994,39,37961,37840,75801,0,0,0,37961,37840,75801
0,GERALDTON,1995,47,28994,29016,58010,0,0,0,28994,29016,58010
0,GERALDTON,1996,41,36205,36262,72467,0,0,0,36205,36262,72467
0,GERALDTON,1997,43,33154,32869,66023,0,0,0,33154,32869,66023
0,GERALDTON,1998,45,32217,32039,64256,0,0,0,32217,32039,64256
0,GERALDTON,1999,45,31947,31878,63825,0,0,0,31947,31878,63825
0,GERALDTON,2000,44,32731,32811,65542,0,0,0,32731,32811,65542
0,GERALDTON,2001,44,27597,27509,55106,0,0,0,27597,27509,55106
0,GERALDTON,2002,46,26089,25884,51973,0,0,0,26089,25884,51973
0,GERALDTON,2003,46,28109,28011,56120,0,0,0,28109,28011,56120
0,GERALDTON,2004,44,33411,33408,66819,0,0,0,33411,33408,66819
0,GERALDTON,2005,44,40093,40363,80456,0,0,0,40093,40363,80456
0,GERALDTON,2006,46,44078,44497,88575,0,0,0,44078,44497,88575
0,GERALDTON,2007,43,48473,49150,97623,0,0,0,48473,49150,97623
0,GERALDTON,2008,44,52130,52310,104440,0,0,0,52130,52310,104440
0,GERALDTON,2009,44,48259,47927,96186,0,0,0,48259,47927,96186
0,GERALDTON,2010,44,51684,51767,103451,0,0,0,51684,51767,103451
0,GERALDTON,2011,42,53599,54089,107688,0,0,0,53599,54089,107688
0,GERALDTON,2012,40,68836,69230,138066,0,0,0,68836,69230,138066
0,GERALDTON,2013,43,63746,64338,128084,0,0,0,63746,64338,128084
0,GERALDTON,2014,44,63355,63517,126872,0,0,0,63355,63517,126872
0,GERALDTON,2015,45,58070,58102,116172,0,0,0,58070,58102,116172
0,GERALDTON,2016,43,58081,59472,117553,0,0,0,58081,59472,117553
0,GERALDTON,2017,45,55320,56544,111864,0,0,0,55320,56544,111864
0,GERALDTON,2018,44,55235,58099,113334,0,0,0,55235,58099,113334
1,GLADSTONE,1985,39,34050,34548,68598,0,0,0,34050,34548,68598
0,GLADSTONE,1986,40,32435,34062,66497,0,0,0,32435,34062,66497
0,GLADSTONE,1987,40,30483,31554,62037,0,0,0,30483,31554,62037
0,GLADSTONE,1988,38,31629,33214,64843,0,0,0,31629,33214,64843
0,GLADSTONE,1989,33,28215,29335,57550,0,0,0,28215,29335,57550
0,GLADSTONE,1990,35,29968,30766,60734,0,0,0,29968,30766,60734
0,GLADSTONE,1991,31,37719,39065,76784,0,0,0,37719,39065,76784
0,GLADSTONE,1992,30,41899,43375,85274,0,0,0,41899,43375,85274
0,GLADSTONE,1993,28,47106,48228,95334,0,0,0,47106,48228,95334
0,GLADSTONE,1994,30,47909,48681,96590,0,0,0,47909,48681,96590
0,GLADSTONE,1995,32,50587,51088,101675,0,0,0,50587,51088,101675
0,GLADSTONE,1996,31,52760,53063,105823,0,0,0,52760,53063,105823
0,GLADSTONE,1997,32,51939,52415,104354,0,0,0,51939,52415,104354
0,GLADSTONE,1998,33,51833,52328,104161,0,0,0,51833,52328,104161
0,GLADSTONE,1999,33,51748,52673,104421,0,0,0,51748,52673,104421
0,GLADSTONE,2000,31,51720,52380,104100,0,0,0,51720,52380,104100
0,GLADSTONE,2001,31,46442,46979,93421,0,0,0,46442,46979,93421
0,GLADSTONE,2002,24,63280,64650,127930,0,0,0,63280,64650,127930
0,GLADSTONE,2003,25,64574,66971,131545,0,0,0,64574,66971,131545
0,GLADSTONE,2004,30,66768,69674,136442,0,0,0,66768,69674,136442
0,GLADSTONE,2005,30,73645,75726,149371,0,0,0,73645,75726,149371
0,GLADSTONE,2006,28,85720,87605,173325,0,0,0,85720,87605,173325
0,GLADSTONE,2007,29,97649,101469,199118,0,0,0,97649,101469,199118
0,GLADSTONE,2008,30,98289,99727,198016,0,0,0,98289,99727,198016
0,GLADSTONE,2009,32,87737,89191,176928,0,0,0,87737,89191,176928
0,GLADSTONE,2010,33,98965,100646,199611,0,0,0,98965,100646,199611
0,GLADSTONE,2011,25,147733,149964,297697,0,0,0,147733,149964,297697
0,GLADSTONE,2012,21,208435,209749,418184,0,0,0,208435,209749,418184
0,GLADSTONE,2013,19,246428,248354,494782,0,0,0,246428,248354,494782
0,GLADSTONE,2014,21,236265,237409,473674,0,0,0,236265,237409,473674
0,GLADSTONE,2015,22,198561,207198,405759,0,0,0,198561,207198,405759
0,GLADSTONE,2016,26,164168,167065,331233,0,0,0,164168,167065,331233
0,GLADSTONE,2017,27,140430,141404,281834,0,0,0,140430,141404,281834
0,GLADSTONE,2018,29,126081,127127,253208,0,0,0,126081,127127,253208
1,GOLD COAST,1985,8,346356,367784,714140,0,0,0,346356,367784,714140
0,GOLD COAST,1986,8,411045,444893,855938,0,0,0,411045,444893,855938
0,GOLD COAST,1987,7,481171,534630,1015801,0,0,0,481171,534630,1015801
0,GOLD COAST,1988,6,604153,683327,1287480,0,0,0,604153,683327,1287480
0,GOLD COAST,1989,7,365911,414323,780234,0,0,0,365911,414323,780234
0,GOLD COAST,1990,8,461781,520135,981916,0,0,0,461781,520135,981916
0,GOLD COAST,1991,7,619393,673999,1293392,0,0,0,619393,673999,1293392
0,GOLD COAST,1992,7,722695,805293,1527988,0,0,0,722695,805293,1527988
0,GOLD COAST,1993,7,764843,854464,1619307,0,0,0,764843,854464,1619307
0,GOLD COAST,1994,7,860905,957786,1818691,0,0,0,860905,957786,1818691
0,GOLD COAST,1995,7,931957,1007862,1939819,0,0,0,931957,1007862,1939819
0,GOLD COAST,1996,7,947787,1041532,1989319,214,249,463,948001,1041781,1989782
0,GOLD COAST,1997,7,896956,980845,1877801,6769,7053,13822,903725,987898,1891623
0,GOLD COAST,1998,7,888887,951309,1840196,7534,6985,14519,896421,958294,1854715
0,GOLD COAST,1999,8,919680,963016,1882696,8722,8201,16923,928402,971217,1899619
0,GOLD COAST,2000,8,915759,941813,1857572,14598,13540,28138,930357,955353,1885710
0,GOLD COAST,2001,8,884621,907430,1792051,20931,20650,41581,905552,928080,1833632
0,GOLD COAST,2002,7,937304,950530,1887834,56816,56311,113127,994120,1006841,2000961
0,GOLD COAST,2003,7,1055312,1061213,2116525,70007,68931,138938,1125319,1130144,2255463
0,GOLD COAST,2004,7,1335033,1342787,2677820,67554,68854,136408,1402587,1411641,2814228
0,GOLD COAST,2005,7,1621003,1611941,3232944,100791,102732,203523,1721794,1714673,3436467
0,GOLD COAST,2006,7,1705153,1718205,3423358,96136,97305,193441,1801289,1815510,3616799
0,GOLD COAST,2007,6,1867501,1868325,3735826,104756,106006,210762,1972257,1974331,3946588
0,GOLD COAST,2008,6,2090725,2092627,4183352,172896,166248,339144,2263621,2258875,4522496
0,GOLD COAST,2009,6,2125869,2120567,4246436,315638,320694,636332,2441507,2441261,4882768
0,GOLD COAST,2010,6,2368125,2361826,4729951,384901,401768,786669,2753026,2763594,5516620
0,GOLD COAST,2011,6,2292296,2289004,4581300,356305,359558,715863,2648601,2648562,5297163
0,GOLD COAST,2012,6,2424806,2430079,4854885,409401,415023,824424,2834207,2845102,5679309
0,GOLD COAST,2013,6,2442954,2459252,4902206,433165,431740,864905,2876119,2890992,5767111
0,GOLD COAST,2014,6,2467494,2480359,4947853,445016,435955,880971,2912510,2916314,5828824
0,GOLD COAST,2015,6,2534979,2546412,5081391,478806,464161,942967,3013785,3010573,6024358
0,GOLD COAST,2016,6,2644966,2672791,5317757,562700,530858,1093558,3207666,3203649,6411315
0,GOLD COAST,2017,6,2692636,2706349,5398985,555640,524458,1080098,3248276,3230807,6479083
0,GOLD COAST,2018,6,2724535,2736649,5461184,519417,505781,1025198,3243952,3242430,6486382
1,GOVE,1985,33,38023,37513,75536,0,0,0,38023,37513,75536
0,GOVE,1986,30,42496,42494,84990,0,0,0,42496,42494,84990
0,GOVE,1987,27,44999,44260,89259,0,0,0,44999,44260,89259
0,GOVE,1988,26,46975,46324,93299,0,0,0,46975,46324,93299
0,GOVE,1989,30,31832,31000,62832,0,0,0,31832,31000,62832
0,GOVE,1990,26,44588,43856,88444,0,0,0,44588,43856,88444
0,GOVE,1991,27,49414,49333,98747,0,0,0,49414,49333,98747
0,GOVE,1992,27,49292,49255,98547,0,0,0,49292,49255,98547
0,GOVE,1993,34,39739,39642,79381,0,0,0,39739,39642,79381
0,GOVE,1994,35,42755,43206,85961,0,0,0,42755,43206,85961
0,GOVE,1995,28,59487,59484,118971,0,0,0,59487,59484,118971
0,GOVE,1996,24,75826,74361,150187,0,0,0,75826,74361,150187
0,GOVE,1997,24,75195,75612,150807,0,0,0,75195,75612,150807
0,GOVE,1998,24,74769,74991,149760,0,0,0,74769,74991,149760
0,GOVE,1999,23,84424,84878,169302,0,0,0,84424,84878,169302
0,GOVE,2000,22,90627,91085,181712,0,0,0,90627,91085,181712
0,GOVE,2001,25,76928,61434,138362,0,0,0,76928,61434,138362
0,GOVE,2002,29,50496,50776,101272,0,0,0,50496,50776,101272
0,GOVE,2003,31,49210,49739,98949,0,0,0,49210,49739,98949
0,GOVE,2004,34,48336,48436,96772,0,0,0,48336,48436,96772
0,GOVE,2005,35,52405,51257,103662,0,0,0,52405,51257,103662
0,GOVE,2006,35,59163,58735,117898,0,0,0,59163,58735,117898
0,GOVE,2007,35,63099,63249,126348,0,0,0,63099,63249,126348
0,GOVE,2008,37,64902,65084,129986,0,0,0,64902,65084,129986
0,GOVE,2009,42,55414,55978,111392,0,0,0,55414,55978,111392
0,GOVE,2010,42,53988,54126,108114,0,0,0,53988,54126,108114
0,GOVE,2011,44,51623,51700,103323,0,0,0,51623,51700,103323
0,GOVE,2012,46,51647,51950,103597,0,0,0,51647,51950,103597
0,GOVE,2013,45,54258,54360,108618,0,0,0,54258,54360,108618
0,GOVE,2014,48,40069,40759,80828,0,0,0,40069,40759,80828
0,GOVE,2015,57,28955,28822,57777,0,0,0,28955,28822,57777
0,GOVE,2016,56,28989,27823,56812,0,0,0,28989,27823,56812
0,GOVE,2017,59,30203,28897,59100,0,0,0,30203,28897,59100
0,GOVE,2018,61,29208,28405,57613,0,0,0,29208,28405,57613
1,GRAFTON,1985,-,19215,18679,37894,0,0,0,19215,18679,37894
0,GRAFTON,1986,42,32589,32337,64926,0,0,0,32589,32337,64926
0,GRAFTON,1987,-,17529,16841,34370,0,0,0,17529,16841,34370
0,GRAFTON,1988,-,11570,11461,23031,0,0,0,11570,11461,23031
0,GRAFTON,1989,-,9991,9504,19495,0,0,0,9991,9504,19495
0,GRAFTON,1990,-,11348,11154,22502,0,0,0,11348,11154,22502
0,GRAFTON,1991,-,11219,10791,22010,0,0,0,11219,10791,22010
0,GRAFTON,1992,-,11273,10977,22250,0,0,0,11273,10977,22250
0,GRAFTON,1993,-,10844,10569,21413,0,0,0,10844,10569,21413
0,GRAFTON,1994,-,11817,11624,23441,0,0,0,11817,11624,23441
0,GRAFTON,1995,-,11031,10850,21881,0,0,0,11031,10850,21881
0,GRAFTON,1996,-,10875,10671,21546,0,0,0,10875,10671,21546
0,GRAFTON,1997,-,11489,11328,22817,0,0,0,11489,11328,22817
0,GRAFTON,1998,-,11355,11186,22541,0,0,0,11355,11186,22541
0,GRAFTON,1999,-,12781,12701,25482,0,0,0,12781,12701,25482
0,GRAFTON,2000,-,13879,13913,27792,0,0,0,13879,13913,27792
0,GRAFTON,2001,-,12731,12725,25456,0,0,0,12731,12725,25456
0,GRAFTON,2002,-,11469,11353,22822,0,0,0,11469,11353,22822
0,GRAFTON,2003,-,10114,9966,20080,0,0,0,10114,9966,20080
0,GRAFTON,2004,-,4341,4343,8684,0,0,0,4341,4343,8684
0,GRAFTON,2005,-,3382,3387,6769,0,0,0,3382,3387,6769
0,GRAFTON,2006,-,2102,2173,4275,0,0,0,2102,2173,4275
0,GRAFTON,2007,-,9942,9787,19729,0,0,0,9942,9787,19729
0,GRAFTON,2008,-,10619,10440,21059,0,0,0,10619,10440,21059
0,GRAFTON,2009,-,9826,9701,19527,0,0,0,9826,9701,19527
0,GRAFTON,2010,-,9608,9414,19022,0,0,0,9608,9414,19022
0,GRAFTON,2011,-,8959,8785,17744,0,0,0,8959,8785,17744
0,GRAFTON,2012,-,7892,7604,15496,0,0,0,7892,7604,15496
0,GRAFTON,2013,-,6791,6611,13402,0,0,0,6791,6611,13402
0,GRAFTON,2014,-,6590,6495,13085,0,0,0,6590,6495,13085
0,GRAFTON,2015,-,7601,7388,14989,0,0,0,7601,7388,14989
0,GRAFTON,2016,-,8696,8386,17082,0,0,0,8696,8386,17082
0,GRAFTON,2017,-,9111,8895,18006,0,0,0,9111,8895,18006
0,GRAFTON,2018,-,9376,9142,18518,0,0,0,9376,9142,18518
1,GRIFFITH,1985,-,17291,16734,34025,0,0,0,17291,16734,34025
0,GRIFFITH,1986,-,17892,17042,34934,0,0,0,17892,17042,34934
0,GRIFFITH,1987,-,16686,15997,32683,0,0,0,16686,15997,32683
0,GRIFFITH,1988,-,17357,16646,34003,0,0,0,17357,16646,34003
0,GRIFFITH,1989,-,12078,11605,23683,0,0,0,12078,11605,23683
0,GRIFFITH,1990,-,9964,9984,19948,0,0,0,9964,9984,19948
0,GRIFFITH,1991,-,9563,9423,18986,0,0,0,9563,9423,18986
0,GRIFFITH,1992,-,10113,9924,20037,0,0,0,10113,9924,20037
0,GRIFFITH,1993,-,11517,11160,22677,0,0,0,11517,11160,22677
0,GRIFFITH,1994,-,13246,13091,26337,0,0,0,13246,13091,26337
0,GRIFFITH,1995,-,13238,12988,26226,0,0,0,13238,12988,26226
0,GRIFFITH,1996,-,15423,15224,30647,0,0,0,15423,15224,30647
0,GRIFFITH,1997,-,16619,17049,33668,0,0,0,16619,17049,33668
0,GRIFFITH,1998,-,19173,19612,38785,0,0,0,19173,19612,38785
0,GRIFFITH,1999,-,19738,19868,39606,0,0,0,19738,19868,39606
0,GRIFFITH,2000,-,20082,20057,40139,0,0,0,20082,20057,40139
0,GRIFFITH,2001,-,17554,17376,34930,0,0,0,17554,17376,34930
0,GRIFFITH,2002,-,15975,15807,31782,0,0,0,15975,15807,31782
0,GRIFFITH,2003,-,17917,18080,35997,0,0,0,17917,18080,35997
0,GRIFFITH,2004,-,24410,24884,49294,0,0,0,24410,24884,49294
0,GRIFFITH,2005,51,28276,28883,57159,0,0,0,28276,28883,57159
0,GRIFFITH,2006,50,31098,31037,62135,0,0,0,31098,31037,62135
0,GRIFFITH,2007,48,37315,37529,74844,0,0,0,37315,37529,74844
0,GRIFFITH,2008,52,33026,32824,65850,0,0,0,33026,32824,65850
0,GRIFFITH,2009,52,30198,30067,60265,0,0,0,30198,30067,60265
0,GRIFFITH,2010,49,34120,34278,68398,0,0,0,34120,34278,68398
0,GRIFFITH,2011,54,33815,34230,68045,0,0,0,33815,34230,68045
0,GRIFFITH,2012,56,32874,33113,65987,0,0,0,32874,33113,65987
0,GRIFFITH,2013,55,31189,31512,62701,0,0,0,31189,31512,62701
0,GRIFFITH,2014,54,31022,30927,61949,0,0,0,31022,30927,61949
0,GRIFFITH,2015,56,30880,30383,61263,0,0,0,30880,30383,61263
0,GRIFFITH,2016,52,32204,32277,64481,0,0,0,32204,32277,64481
0,GRIFFITH,2017,53,33782,33750,67532,0,0,0,33782,33750,67532
0,GRIFFITH,2018,55,35705,35688,71393,0,0,0,35705,35688,71393
1,GROOTE EYLANDT,1985,-,9946,9765,19711,0,0,0,9946,9765,19711
0,GROOTE EYLANDT,1986,-,10409,10512,20921,0,0,0,10409,10512,20921
0,GROOTE EYLANDT,1987,-,10590,10512,21102,0,0,0,10590,10512,21102
0,GROOTE EYLANDT,1988,-,12872,12716,25588,0,0,0,12872,12716,25588
0,GROOTE EYLANDT,1989,-,9759,9738,19497,0,0,0,9759,9738,19497
0,GROOTE EYLANDT,1990,-,13857,14003,27860,0,0,0,13857,14003,27860
0,GROOTE EYLANDT,1991,-,16859,17246,34105,0,0,0,16859,17246,34105
0,GROOTE EYLANDT,1992,-,15411,15409,30820,0,0,0,15411,15409,30820
0,GROOTE EYLANDT,1993,-,17799,17778,35577,0,0,0,17799,17778,35577
0,GROOTE EYLANDT,1994,-,17988,17589,35577,0,0,0,17988,17589,35577
0,GROOTE EYLANDT,1995,-,17758,17284,35042,0,0,0,17758,17284,35042
0,GROOTE EYLANDT,1996,-,23002,22427,45429,0,0,0,23002,22427,45429
0,GROOTE EYLANDT,1997,-,23179,23091,46270,0,0,0,23179,23091,46270
0,GROOTE EYLANDT,1998,-,22471,22692,45163,0,0,0,22471,22692,45163
0,GROOTE EYLANDT,1999,-,16112,16002,32114,0,0,0,16112,16002,32114
0,GROOTE EYLANDT,2000,-,9021,8547,17568,0,0,0,9021,8547,17568
0,GROOTE EYLANDT,2001,-,7932,7427,15359,0,0,0,7932,7427,15359
0,GROOTE EYLANDT,2002,-,6495,6190,12685,0,0,0,6495,6190,12685
0,GROOTE EYLANDT,2003,-,7287,7121,14408,0,0,0,7287,7121,14408
0,GROOTE EYLANDT,2004,-,7567,7211,14778,0,0,0,7567,7211,14778
0,GROOTE EYLANDT,2005,-,10964,10540,21504,0,0,0,10964,10540,21504
0,GROOTE EYLANDT,2006,-,13730,13486,27216,0,0,0,13730,13486,27216
0,GROOTE EYLANDT,2007,-,17410,16919,34329,0,0,0,17410,16919,34329
0,GROOTE EYLANDT,2008,-,18421,18106,36527,0,0,0,18421,18106,36527
0,GROOTE EYLANDT,2009,-,17785,17325,35110,0,0,0,17785,17325,35110
0,GROOTE EYLANDT,2010,-,17408,17353,34761,0,0,0,17408,17353,34761
0,GROOTE EYLANDT,2011,-,16886,17052,33938,0,0,0,16886,17052,33938
0,GROOTE EYLANDT,2012,-,17658,18153,35811,0,0,0,17658,18153,35811
0,GROOTE EYLANDT,2013,-,15945,16664,32609,0,0,0,15945,16664,32609
0,GROOTE EYLANDT,2014,-,11985,12790,24775,0,0,0,11985,12790,24775
0,GROOTE EYLANDT,2015,-,11277,11468,22745,0,0,0,11277,11468,22745
0,GROOTE EYLANDT,2016,-,10888,11335,22223,0,0,0,10888,11335,22223
0,GROOTE EYLANDT,2017,-,11862,10786,22648,0,0,0,11862,10786,22648
0,GROOTE EYLANDT,2018,-,13656,9952,23608,0,0,0,13656,9952,23608
1,HAMILTON ISLAND,1985,44,26209,26140,52349,0,0,0,26209,26140,52349
0,HAMILTON ISLAND,1986,34,39471,39625,79096,0,0,0,39471,39625,79096
0,HAMILTON ISLAND,1987,21,76862,76239,153101,0,0,0,76862,76239,153101
0,HAMILTON ISLAND,1988,19,90131,91452,181583,0,0,0,90131,91452,181583
0,HAMILTON ISLAND,1989,18,61670,65055,126725,0,0,0,61670,65055,126725
0,HAMILTON ISLAND,1990,16,89017,89854,178871,0,0,0,89017,89854,178871
0,HAMILTON ISLAND,1991,15,104834,105272,210106,0,0,0,104834,105272,210106
0,HAMILTON ISLAND,1992,15,109915,110146,220061,0,0,0,109915,110146,220061
0,HAMILTON ISLAND,1993,15,133454,133001,266455,0,0,0,133454,133001,266455
0,HAMILTON ISLAND,1994,14,155083,153559,308642,0,0,0,155083,153559,308642
0,HAMILTON ISLAND,1995,15,153155,151903,305058,0,0,0,153155,151903,305058
0,HAMILTON ISLAND,1996,17,150950,148648,299598,0,0,0,150950,148648,299598
0,HAMILTON ISLAND,1997,16,150529,150332,300861,0,0,0,150529,150332,300861
0,HAMILTON ISLAND,1998,16,149065,148994,298059,0,0,0,149065,148994,298059
0,HAMILTON ISLAND,1999,15,156732,156979,313711,0,0,0,156732,156979,313711
0,HAMILTON ISLAND,2000,15,162005,163094,325099,0,0,0,162005,163094,325099
0,HAMILTON ISLAND,2001,16,137019,138708,275727,0,0,0,137019,138708,275727
0,HAMILTON ISLAND,2002,16,133442,133421,266863,0,0,0,133442,133421,266863
0,HAMILTON ISLAND,2003,18,156487,157161,313648,0,0,0,156487,157161,313648
0,HAMILTON ISLAND,2004,18,174826,176782,351608,0,0,0,174826,176782,351608
0,HAMILTON ISLAND,2005,18,193667,196490,390157,0,0,0,193667,196490,390157
0,HAMILTON ISLAND,2006,18,229232,231514,460746,0,0,0,229232,231514,460746
0,HAMILTON ISLAND,2007,18,233654,234616,468270,0,0,0,233654,234616,468270
0,HAMILTON ISLAND,2008,19,221096,223391,444487,0,0,0,221096,223391,444487
0,HAMILTON ISLAND,2009,19,226933,229505,456438,0,0,0,226933,229505,456438
0,HAMILTON ISLAND,2010,19,237910,239165,477075,0,0,0,237910,239165,477075
0,HAMILTON ISLAND,2011,19,225345,227083,452428,0,0,0,225345,227083,452428
0,HAMILTON ISLAND,2012,20,220664,220023,440687,0,0,0,220664,220023,440687
0,HAMILTON ISLAND,2013,21,232872,232428,465300,0,0,0,232872,232428,465300
0,HAMILTON ISLAND,2014,20,243056,243449,486505,0,0,0,243056,243449,486505
0,HAMILTON ISLAND,2015,19,243445,243041,486486,0,0,0,243445,243041,486486
0,HAMILTON ISLAND,2016,18,274701,275121,549822,0,0,0,274701,275121,549822
0,HAMILTON ISLAND,2017,21,210463,213088,423551,0,0,0,210463,213088,423551
0,HAMILTON ISLAND,2018,21,212496,214888,427384,0,0,0,212496,214888,427384
1,HERVEY BAY,1985,-,1435,1613,3048,0,0,0,1435,1613,3048
0,HERVEY BAY,1986,-,1375,1631,3006,0,0,0,1375,1631,3006
0,HERVEY BAY,1987,-,1792,1695,3487,0,0,0,1792,1695,3487
0,HERVEY BAY,1988,-,2985,3162,6147,0,0,0,2985,3162,6147
0,HERVEY BAY,1989,-,3273,3225,6498,0,0,0,3273,3225,6498
0,HERVEY BAY,1990,-,4377,4575,8952,0,0,0,4377,4575,8952
0,HERVEY BAY,1991,-,5728,6019,11747,0,0,0,5728,6019,11747
0,HERVEY BAY,1992,-,8417,8640,17057,0,0,0,8417,8640,17057
0,HERVEY BAY,1993,-,12593,13061,25654,0,0,0,12593,13061,25654
0,HERVEY BAY,1994,-,20454,20501,40955,0,0,0,20454,20501,40955
0,HERVEY BAY,1995,-,20774,20521,41295,0,0,0,20774,20521,41295
0,HERVEY BAY,1996,-,20065,20282,40347,0,0,0,20065,20282,40347
0,HERVEY BAY,1997,-,20600,20777,41377,0,0,0,20600,20777,41377
0,HERVEY BAY,1998,-,20210,20335,40545,0,0,0,20210,20335,40545
0,HERVEY BAY,1999,-,21366,21557,42923,0,0,0,21366,21557,42923
0,HERVEY BAY,2000,-,20911,21346,42257,0,0,0,20911,21346,42257
0,HERVEY BAY,2001,-,17416,17960,35376,0,0,0,17416,17960,35376
0,HERVEY BAY,2002,-,14529,14529,29058,0,0,0,14529,14529,29058
0,HERVEY BAY,2003,-,14411,14460,28871,0,0,0,14411,14460,28871
0,HERVEY BAY,2004,-,16874,17104,33978,0,0,0,16874,17104,33978
0,HERVEY BAY,2005,43,40292,40692,80984,0,0,0,40292,40692,80984
0,HERVEY BAY,2006,29,84575,86185,170760,0,0,0,84575,86185,170760
0,HERVEY BAY,2007,28,98356,101792,200148,0,0,0,98356,101792,200148
0,HERVEY BAY,2008,28,106741,111211,217952,0,0,0,106741,111211,217952
0,HERVEY BAY,2009,34,81529,83029,164558,0,0,0,81529,83029,164558
0,HERVEY BAY,2010,37,75451,75122,150573,0,0,0,75451,75122,150573
0,HERVEY BAY,2011,39,74628,74740,149368,0,0,0,74628,74740,149368
0,HERVEY BAY,2012,39,75447,75742,151189,0,0,0,75447,75742,151189
0,HERVEY BAY,2013,42,75280,75091,150371,0,0,0,75280,75091,150371
0,HERVEY BAY,2014,41,79433,78600,158033,0,0,0,79433,78600,158033
0,HERVEY BAY,2015,38,81713,81827,163540,0,0,0,81713,81827,163540
0,HERVEY BAY,2016,39,85128,84924,170052,0,0,0,85128,84924,170052
0,HERVEY BAY,2017,38,86821,86559,173380,0,0,0,86821,86559,173380
0,HERVEY BAY,2018,39,82100,81470,163570,0,0,0,82100,81470,163570
1,HOBART,1985,11,245640,248357,493997,7911,7395,15306,253551,255752,509303
0,HOBART,1986,12,237094,244187,481281,7764,6380,14144,244858,250567,495425
0,HOBART,1987,12,251947,252828,504775,9412,8010,17422,261359,260838,522197
0,HOBART,1988,12,263238,266575,529813,8146,7217,15363,271384,273792,545176
0,HOBART,1989,11,222154,222213,444367,8330,7405,15735,230484,229618,460102
0,HOBART,1990,10,267329,268748,536077,9163,7932,17095,276492,276680,553172
0,HOBART,1991,10,314276,317161,631437,6185,5580,11765,320461,322741,643202
0,HOBART,1992,10,333782,340634,674416,4436,4223,8659,338218,344857,683075
0,HOBART,1993,10,356400,360683,717083,4815,4052,8867,361215,364735,725950
0,HOBART,1994,11,383522,386737,770259,4088,3888,7976,387610,390625,778235
0,HOBART,1995,11,409890,419096,828986,3848,3514,7362,413738,422610,836348
0,HOBART,1996,10,423639,428867,852506,2785,2318,5103,426424,431185,857609
0,HOBART,1997,10,413800,418407,832207,2117,1572,3689,415917,419979,835896
0,HOBART,1998,10,426569,429365,855934,1408,1282,2690,427977,430647,858624
0,HOBART,1999,10,437745,440247,877992,0,0,0,437745,440247,877992
0,HOBART,2000,10,462862,465095,927957,0,0,0,462862,465095,927957
0,HOBART,2001,10,500965,495214,996179,0,0,0,500965,495214,996179
0,HOBART,2002,10,470149,477533,947682,0,0,0,470149,477533,947682
0,HOBART,2003,9,549024,552531,1101555,0,0,0,549024,552531,1101555
0,HOBART,2004,9,688375,692474,1380849,0,0,0,688375,692474,1380849
0,HOBART,2005,9,798945,801240,1600185,0,0,0,798945,801240,1600185
0,HOBART,2006,9,805463,812347,1617810,0,0,0,805463,812347,1617810
0,HOBART,2007,9,829154,834442,1663596,0,0,0,829154,834442,1663596
0,HOBART,2008,9,911931,918939,1830870,0,0,0,911931,918939,1830870
0,HOBART,2009,9,936852,937607,1874459,0,0,0,936852,937607,1874459
0,HOBART,2010,9,943398,938694,1882092,0,0,0,943398,938694,1882092
0,HOBART,2011,10,917513,927168,1844681,0,0,0,917513,927168,1844681
0,HOBART,2012,10,958200,960826,1919026,0,0,0,958200,960826,1919026
0,HOBART,2013,9,1040639,1051067,2091706,0,0,0,1040639,1051067,2091706
0,HOBART,2014,9,1061280,1066701,2127981,0,0,0,1061280,1066701,2127981
0,HOBART,2015,9,1115464,1122968,2238432,0,0,0,1115464,1122968,2238432
0,HOBART,2016,9,1181569,1196568,2378137,0,0,0,1181569,1196568,2378137
0,HOBART,2017,9,1252149,1258194,2510343,0,0,0,1252149,1258194,2510343
0,HOBART,2018,9,1337761,1338867,2676628,0,0,0,1337761,1338867,2676628
1,KALGOORLIE,1985,28,42798,44251,87049,0,0,0,42798,44251,87049
0,KALGOORLIE,1986,25,45207,46815,92022,0,0,0,45207,46815,92022
0,KALGOORLIE,1987,24,53926,54892,108818,0,0,0,53926,54892,108818
0,KALGOORLIE,1988,22,60813,61582,122395,0,0,0,60813,61582,122395
0,KALGOORLIE,1989,23,42688,43285,85973,0,0,0,42688,43285,85973
0,KALGOORLIE,1990,25,46073,46687,92760,0,0,0,46073,46687,92760
0,KALGOORLIE,1991,29,43616,43302,86918,0,0,0,43616,43302,86918
0,KALGOORLIE,1992,28,45141,44970,90111,0,0,0,45141,44970,90111
0,KALGOORLIE,1993,27,53056,53751,106807,0,0,0,53056,53751,106807
0,KALGOORLIE,1994,25,63441,63922,127363,0,0,0,63441,63922,127363
0,KALGOORLIE,1995,21,86137,87252,173389,0,0,0,86137,87252,173389
0,KALGOORLIE,1996,20,101808,103168,204976,0,0,0,101808,103168,204976
0,KALGOORLIE,1997,20,106692,107819,214511,0,0,0,106692,107819,214511
0,KALGOORLIE,1998,19,111727,112705,224432,0,0,0,111727,112705,224432
0,KALGOORLIE,1999,20,102284,103586,205870,0,0,0,102284,103586,205870
0,KALGOORLIE,2000,21,108580,108566,217146,0,0,0,108580,108566,217146
0,KALGOORLIE,2001,21,85948,86003,171951,0,0,0,85948,86003,171951
0,KALGOORLIE,2002,22,76569,76962,153531,0,0,0,76569,76962,153531
0,KALGOORLIE,2003,23,78358,78279,156637,0,0,0,78358,78279,156637
0,KALGOORLIE,2004,25,85680,85660,171340,0,0,0,85680,85660,171340
0,KALGOORLIE,2005,25,96131,96495,192626,0,0,0,96131,96495,192626
0,KALGOORLIE,2006,26,98696,98835,197531,0,0,0,98696,98835,197531
0,KALGOORLIE,2007,25,114342,114492,228834,0,0,0,114342,114492,228834
0,KALGOORLIE,2008,25,132375,132834,265209,0,0,0,132375,132834,265209
0,KALGOORLIE,2009,27,107556,108314,215870,0,0,0,107556,108314,215870
0,KALGOORLIE,2010,26,124307,124493,248800,0,0,0,124307,124493,248800
0,KALGOORLIE,2011,27,132676,133389,266065,0,0,0,132676,133389,266065
0,KALGOORLIE,2012,30,132929,132683,265612,0,0,0,132929,132683,265612
0,KALGOORLIE,2013,29,120725,120693,241418,0,0,0,120725,120693,241418
0,KALGOORLIE,2014,31,115512,116281,231793,0,0,0,115512,116281,231793
0,KALGOORLIE,2015,29,114256,114655,228911,0,0,0,114256,114655,228911
0,KALGOORLIE,2016,29,120035,120192,240227,0,0,0,120035,120192,240227
0,KALGOORLIE,2017,29,125601,126408,252009,0,0,0,125601,126408,252009
0,KALGOORLIE,2018,27,144215,144739,288954,0,0,0,144215,144739,288954
1,KARRATHA,1985,19,97233,99132,196365,0,0,0,97233,99132,196365
0,KARRATHA,1986,19,102983,104634,207617,0,0,0,102983,104634,207617
0,KARRATHA,1987,17,101124,101840,202964,0,0,0,101124,101840,202964
0,KARRATHA,1988,18,93535,93799,187334,0,0,0,93535,93799,187334
0,KARRATHA,1989,17,67402,67826,135228,0,0,0,67402,67826,135228
0,KARRATHA,1990,18,72199,73461,145660,0,0,0,72199,73461,145660
0,KARRATHA,1991,18,79001,80412,159413,0,0,0,79001,80412,159413
0,KARRATHA,1992,17,85689,86287,171976,0,0,0,85689,86287,171976
0,KARRATHA,1993,19,87821,88371,176192,0,0,0,87821,88371,176192
0,KARRATHA,1994,19,98808,99945,198753,0,0,0,98808,99945,198753
0,KARRATHA,1995,20,87015,87662,174677,0,0,0,87015,87662,174677
0,KARRATHA,1996,21,85417,86386,171803,0,0,0,85417,86386,171803
0,KARRATHA,1997,21,89021,89899,178920,0,0,0,89021,89899,178920
0,KARRATHA,1998,21,94896,96002,190898,0,0,0,94896,96002,190898
0,KARRATHA,1999,22,84423,85941,170364,0,0,0,84423,85941,170364
0,KARRATHA,2000,25,81387,82210,163597,0,0,0,81387,82210,163597
0,KARRATHA,2001,22,78163,78701,156864,0,0,0,78163,78701,156864
0,KARRATHA,2002,23,75330,77589,152919,0,0,0,75330,77589,152919
0,KARRATHA,2003,22,86922,88115,175037,0,0,0,86922,88115,175037
0,KARRATHA,2004,22,99439,101337,200776,0,0,0,99439,101337,200776
0,KARRATHA,2005,22,120020,121449,241469,0,0,0,120020,121449,241469
0,KARRATHA,2006,23,144656,146574,291230,0,0,0,144656,146574,291230
0,KARRATHA,2007,21,168494,170148,338642,0,0,0,168494,170148,338642
0,KARRATHA,2008,18,220791,224181,444972,0,0,0,220791,224181,444972
0,KARRATHA,2009,18,268292,270877,539169,0,0,0,268292,270877,539169
0,KARRATHA,2010,18,310191,318616,628807,0,0,0,310191,318616,628807
0,KARRATHA,2011,16,369715,370596,740311,0,0,0,369715,370596,740311
0,KARRATHA,2012,15,409303,409112,818415,0,0,0,409303,409112,818415
0,KARRATHA,2013,16,384101,386514,770615,0,0,0,384101,386514,770615
0,KARRATHA,2014,16,354186,356182,710368,0,0,0,354186,356182,710368
0,KARRATHA,2015,17,303359,304227,607586,0,0,0,303359,304227,607586
0,KARRATHA,2016,19,248446,246448,494894,0,0,0,248446,246448,494894
0,KARRATHA,2017,19,219366,219681,439047,0,0,0,219366,219681,439047
0,KARRATHA,2018,20,219494,221955,441449,0,0,0,219494,221955,441449
1,KING ISLAND,1985,-,10296,10624,20920,0,0,0,10296,10624,20920
0,KING ISLAND,1986,-,9765,9966,19731,0,0,0,9765,9966,19731
0,KING ISLAND,1987,-,12361,12261,24622,0,0,0,12361,12261,24622
0,KING ISLAND,1988,-,14809,14420,29229,0,0,0,14809,14420,29229
0,KING ISLAND,1989,-,15390,15284,30674,0,0,0,15390,15284,30674
0,KING ISLAND,1990,-,15770,15916,31686,0,0,0,15770,15916,31686
0,KING ISLAND,1991,-,15390,15167,30557,0,0,0,15390,15167,30557
0,KING ISLAND,1992,-,15651,15182,30833,0,0,0,15651,15182,30833
0,KING ISLAND,1993,-,17608,17367,34975,0,0,0,17608,17367,34975
0,KING ISLAND,1994,-,18182,18377,36559,0,0,0,18182,18377,36559
0,KING ISLAND,1995,-,18144,17809,35953,0,0,0,18144,17809,35953
0,KING ISLAND,1996,-,17027,16940,33967,0,0,0,17027,16940,33967
0,KING ISLAND,1997,-,17628,17751,35379,0,0,0,17628,17751,35379
0,KING ISLAND,1998,-,20162,20142,40304,0,0,0,20162,20142,40304
0,KING ISLAND,1999,-,17079,17202,34281,0,0,0,17079,17202,34281
0,KING ISLAND,2000,-,13872,13873,27745,0,0,0,13872,13873,27745
0,KING ISLAND,2001,-,13778,13781,27559,0,0,0,13778,13781,27559
0,KING ISLAND,2002,-,8817,8664,17481,0,0,0,8817,8664,17481
0,KING ISLAND,2003,-,9052,8857,17909,0,0,0,9052,8857,17909
0,KING ISLAND,2004,-,14322,14158,28480,0,0,0,14322,14158,28480
0,KING ISLAND,2005,-,13180,13165,26345,0,0,0,13180,13165,26345
0,KING ISLAND,2006,-,14552,14485,29037,0,0,0,14552,14485,29037
0,KING ISLAND,2007,-,15381,15376,30757,0,0,0,15381,15376,30757
0,KING ISLAND,2008,-,16128,16079,32207,0,0,0,16128,16079,32207
0,KING ISLAND,2009,-,16325,16275,32600,0,0,0,16325,16275,32600
0,KING ISLAND,2010,-,15716,15546,31262,0,0,0,15716,15546,31262
0,KING ISLAND,2011,-,15918,15790,31708,0,0,0,15918,15790,31708
0,KING ISLAND,2012,-,17084,17089,34173,0,0,0,17084,17089,34173
0,KING ISLAND,2013,-,16885,16704,33589,0,0,0,16885,16704,33589
0,KING ISLAND,2014,-,16679,16711,33390,0,0,0,16679,16711,33390
0,KING ISLAND,2015,-,17029,17015,34044,0,0,0,17029,17015,34044
0,KING ISLAND,2016,-,18937,18873,37810,0,0,0,18937,18873,37810
0,KING ISLAND,2017,-,21506,21539,43045,0,0,0,21506,21539,43045
0,KING ISLAND,2018,-,22211,21836,44047,0,0,0,22211,21836,44047
1,KINGSCOTE,1985,43,26913,27344,54257,0,0,0,26913,27344,54257
0,KINGSCOTE,1986,-,23880,24393,48273,0,0,0,23880,24393,48273
0,KINGSCOTE,1987,-,20531,21084,41615,0,0,0,20531,21084,41615
0,KINGSCOTE,1988,-,20734,20760,41494,0,0,0,20734,20760,41494
0,KINGSCOTE,1989,-,21393,22168,43561,0,0,0,21393,22168,43561
0,KINGSCOTE,1990,-,10629,10032,20661,0,0,0,10629,10032,20661
0,KINGSCOTE,1991,-,21928,21766,43694,0,0,0,21928,21766,43694
0,KINGSCOTE,1992,-,22719,22534,45253,0,0,0,22719,22534,45253
0,KINGSCOTE,1993,46,27142,27458,54600,0,0,0,27142,27458,54600
0,KINGSCOTE,1994,44,31707,32690,64397,0,0,0,31707,32690,64397
0,KINGSCOTE,1995,42,33376,33924,67300,0,0,0,33376,33924,67300
0,KINGSCOTE,1996,40,36617,37490,74107,0,0,0,36617,37490,74107
0,KINGSCOTE,1997,39,39266,40418,79684,0,0,0,39266,40418,79684
0,KINGSCOTE,1998,36,45045,46917,91962,0,0,0,45045,46917,91962
0,KINGSCOTE,1999,37,44420,46123,90543,0,0,0,44420,46123,90543
0,KINGSCOTE,2000,38,40545,42230,82775,0,0,0,40545,42230,82775
0,KINGSCOTE,2001,40,35316,36176,71492,0,0,0,35316,36176,71492
0,KINGSCOTE,2002,40,32341,32221,64562,0,0,0,32341,32221,64562
0,KINGSCOTE,2003,43,29382,31302,60684,0,0,0,29382,31302,60684
0,KINGSCOTE,2004,45,32350,33774,66124,0,0,0,32350,33774,66124
0,KINGSCOTE,2005,49,30270,31886,62156,0,0,0,30270,31886,62156
0,KINGSCOTE,2006,53,27853,30246,58099,0,0,0,27853,30246,58099
0,KINGSCOTE,2007,54,30283,33024,63307,0,0,0,30283,33024,63307
0,KINGSCOTE,2008,54,29957,32065,62022,0,0,0,29957,32065,62022
0,KINGSCOTE,2009,55,27489,29069,56558,0,0,0,27489,29069,56558
0,KINGSCOTE,2010,57,25153,27399,52552,0,0,0,25153,27399,52552
0,KINGSCOTE,2011,-,21628,23988,45616,0,0,0,21628,23988,45616
0,KINGSCOTE,2012,-,19113,20389,39502,0,0,0,19113,20389,39502
0,KINGSCOTE,2013,-,18126,20244,38370,0,0,0,18126,20244,38370
0,KINGSCOTE,2014,-,17591,19262,36853,0,0,0,17591,19262,36853
0,KINGSCOTE,2015,-,16705,18297,35002,0,0,0,16705,18297,35002
0,KINGSCOTE,2016,-,18142,20043,38185,0,0,0,18142,20043,38185
0,KINGSCOTE,2017,-,18292,20071,38363,0,0,0,18292,20071,38363
0,KINGSCOTE,2018,-,21379,23444,44823,0,0,0,21379,23444,44823
1,KOWANYAMA,1985,-,1346,1288,2634,0,0,0,1346,1288,2634
0,KOWANYAMA,1986,-,1312,1274,2586,0,0,0,1312,1274,2586
0,KOWANYAMA,1987,-,1126,1086,2212,0,0,0,1126,1086,2212
0,KOWANYAMA,1988,-,0,0,0,0,0,0,0,0,0
0,KOWANYAMA,1989,-,0,0,0,0,0,0,0,0,0
0,KOWANYAMA,1990,-,144,219,363,0,0,0,144,219,363
0,KOWANYAMA,1991,-,1214,1110,2324,0,0,0,1214,1110,2324
0,KOWANYAMA,1992,-,1243,1018,2261,0,0,0,1243,1018,2261
0,KOWANYAMA,1993,-,1361,1201,2562,0,0,0,1361,1201,2562
0,KOWANYAMA,1994,-,1257,1231,2488,0,0,0,1257,1231,2488
0,KOWANYAMA,1995,-,1388,1279,2667,0,0,0,1388,1279,2667
0,KOWANYAMA,1996,-,1256,1197,2453,0,0,0,1256,1197,2453
0,KOWANYAMA,1997,-,1332,1246,2578,0,0,0,1332,1246,2578
0,KOWANYAMA,1998,-,1339,1263,2602,0,0,0,1339,1263,2602
0,KOWANYAMA,1999,-,1377,1284,2661,0,0,0,1377,1284,2661
0,KOWANYAMA,2000,-,1408,1293,2701,0,0,0,1408,1293,2701
0,KOWANYAMA,2001,-,1407,1349,2756,0,0,0,1407,1349,2756
0,KOWANYAMA,2002,-,1295,1408,2703,0,0,0,1295,1408,2703
0,KOWANYAMA,2003,-,1489,1502,2991,0,0,0,1489,1502,2991
0,KOWANYAMA,2004,-,1695,1697,3392,0,0,0,1695,1697,3392
0,KOWANYAMA,2005,-,1765,1766,3531,0,0,0,1765,1766,3531
0,KOWANYAMA,2006,-,1791,1793,3584,0,0,0,1791,1793,3584
0,KOWANYAMA,2007,-,1936,1874,3810,0,0,0,1936,1874,3810
0,KOWANYAMA,2008,-,2151,1978,4129,0,0,0,2151,1978,4129
0,KOWANYAMA,2009,-,3660,3623,7283,0,0,0,3660,3623,7283
0,KOWANYAMA,2010,-,3515,3888,7403,0,0,0,3515,3888,7403
0,KOWANYAMA,2011,-,2673,2648,5321,0,0,0,2673,2648,5321
0,KOWANYAMA,2012,-,2571,2486,5057,0,0,0,2571,2486,5057
0,KOWANYAMA,2013,-,2349,2293,4642,0,0,0,2349,2293,4642
0,KOWANYAMA,2014,-,2337,2256,4593,0,0,0,2337,2256,4593
0,KOWANYAMA,2015,-,1866,2127,3993,0,0,0,1866,2127,3993
0,KOWANYAMA,2016,-,2992,3203,6195,0,0,0,2992,3203,6195
0,KOWANYAMA,2017,-,4620,4576,9196,0,0,0,4620,4576,9196
0,KOWANYAMA,2018,-,6273,6130,12403,0,0,0,6273,6130,12403
1,KUBIN ISLAND,1985,-,0,0,0,0,0,0,0,0,0
0,KUBIN ISLAND,1986,-,0,0,0,0,0,0,0,0,0
0,KUBIN ISLAND,1987,-,94,93,187,0,0,0,94,93,187
0,KUBIN ISLAND,1988,-,516,625,1141,0,0,0,516,625,1141
0,KUBIN ISLAND,1989,-,709,599,1308,0,0,0,709,599,1308
0,KUBIN ISLAND,1990,-,122,131,253,0,0,0,122,131,253
0,KUBIN ISLAND,1991,-,687,658,1345,0,0,0,687,658,1345
0,KUBIN ISLAND,1992,-,1206,1124,2330,0,0,0,1206,1124,2330
0,KUBIN ISLAND,1993,-,623,652,1275,0,0,0,623,652,1275
0,KUBIN ISLAND,1994,-,136,136,272,0,0,0,136,136,272
0,KUBIN ISLAND,1995,-,0,0,0,0,0,0,0,0,0
0,KUBIN ISLAND,1996,-,0,0,0,0,0,0,0,0,0
0,KUBIN ISLAND,1997,-,0,0,0,0,0,0,0,0,0
0,KUBIN ISLAND,1998,-,0,0,0,0,0,0,0,0,0
0,KUBIN ISLAND,1999,-,0,0,0,0,0,0,0,0,0
0,KUBIN ISLAND,2000,-,0,0,0,0,0,0,0,0,0
0,KUBIN ISLAND,2001,-,0,0,0,0,0,0,0,0,0
0,KUBIN ISLAND,2002,-,0,0,0,0,0,0,0,0,0
0,KUBIN ISLAND,2003,-,0,0,0,0,0,0,0,0,0
0,KUBIN ISLAND,2004,-,0,0,0,0,0,0,0,0,0
0,KUBIN ISLAND,2005,-,0,0,0,0,0,0,0,0,0
0,KUBIN ISLAND,2006,-,0,0,0,0,0,0,0,0,0
0,KUBIN ISLAND,2007,-,0,0,0,0,0,0,0,0,0
0,KUBIN ISLAND,2008,-,0,0,0,0,0,0,0,0,0
0,KUBIN ISLAND,2009,-,685,741,1426,0,0,0,685,741,1426
0,KUBIN ISLAND,2010,-,1212,1291,2503,0,0,0,1212,1291,2503
0,KUBIN ISLAND,2011,-,1610,1637,3247,0,0,0,1610,1637,3247
0,KUBIN ISLAND,2012,-,1458,1496,2954,0,0,0,1458,1496,2954
0,KUBIN ISLAND,2013,-,1276,1201,2477,0,0,0,1276,1201,2477
0,KUBIN ISLAND,2014,-,891,872,1763,0,0,0,891,872,1763
0,KUBIN ISLAND,2015,-,771,773,1544,0,0,0,771,773,1544
0,KUBIN ISLAND,2016,-,1057,1121,2178,0,0,0,1057,1121,2178
0,KUBIN ISLAND,2017,-,2816,2754,5570,0,0,0,2816,2754,5570
0,KUBIN ISLAND,2018,-,4105,4058,8163,0,0,0,4105,4058,8163
1,KUNUNURRA,1985,32,37929,38247,76176,0,0,0,37929,38247,76176
0,KUNUNURRA,1986,38,35691,35622,71313,0,0,0,35691,35622,71313
0,KUNUNURRA,1987,32,41031,41409,82440,0,0,0,41031,41409,82440
0,KUNUNURRA,1988,28,45480,45632,91112,0,0,0,45480,45632,91112
0,KUNUNURRA,1989,29,36647,36876,73523,0,0,0,36647,36876,73523
0,KUNUNURRA,1990,22,47646,48184,95830,0,0,0,47646,48184,95830
0,KUNUNURRA,1991,28,46878,47556,94434,0,0,0,46878,47556,94434
0,KUNUNURRA,1992,26,50062,50543,100605,0,0,0,50062,50543,100605
0,KUNUNURRA,1993,26,55924,56333,112257,0,0,0,55924,56333,112257
0,KUNUNURRA,1994,24,65925,65186,131111,0,0,0,65925,65186,131111
0,KUNUNURRA,1995,26,61435,61555,122990,0,0,0,61435,61555,122990
0,KUNUNURRA,1996,30,53576,54323,107899,0,0,0,53576,54323,107899
0,KUNUNURRA,1997,36,45305,45627,90932,0,0,0,45305,45627,90932
0,KUNUNURRA,1998,38,43836,44010,87846,0,0,0,43836,44010,87846
0,KUNUNURRA,1999,42,36970,37408,74378,0,0,0,36970,37408,74378
0,KUNUNURRA,2000,45,29412,27901,57313,0,0,0,29412,27901,57313
0,KUNUNURRA,2001,45,25322,25649,50971,0,0,0,25322,25649,50971
0,KUNUNURRA,2002,-,17601,18316,35917,0,0,0,17601,18316,35917
0,KUNUNURRA,2003,-,18173,18855,37028,0,0,0,18173,18855,37028
0,KUNUNURRA,2004,-,22282,23567,45849,0,0,0,22282,23567,45849
0,KUNUNURRA,2005,-,23362,23757,47119,0,0,0,23362,23757,47119
0,KUNUNURRA,2006,52,28975,29962,58937,0,0,0,28975,29962,58937
0,KUNUNURRA,2007,52,31503,32189,63692,0,0,0,31503,32189,63692
0,KUNUNURRA,2008,49,35990,36559,72549,0,0,0,35990,36559,72549
0,KUNUNURRA,2009,47,39119,40077,79196,0,0,0,39119,40077,79196
0,KUNUNURRA,2010,46,42047,42873,84920,0,0,0,42047,42873,84920
0,KUNUNURRA,2011,46,44095,45135,89230,0,0,0,44095,45135,89230
0,KUNUNURRA,2012,50,46106,46097,92203,0,0,0,46106,46097,92203
0,KUNUNURRA,2013,49,45230,45834,91064,0,0,0,45230,45834,91064
0,KUNUNURRA,2014,49,39862,39972,79834,0,0,0,39862,39972,79834
0,KUNUNURRA,2015,49,36840,37252,74092,0,0,0,36840,37252,74092
0,KUNUNURRA,2016,50,36072,36871,72943,0,0,0,36072,36871,72943
0,KUNUNURRA,2017,51,34612,35325,69937,0,0,0,34612,35325,69937
0,KUNUNURRA,2018,54,36945,37278,74223,0,0,0,36945,37278,74223
1,LAUNCESTON,1985,9,298602,298479,597081,0,0,0,298602,298479,597081
0,LAUNCESTON,1986,11,291209,291361,582570,0,0,0,291209,291361,582570
0,LAUNCESTON,1987,11,298724,301477,600201,0,0,0,298724,301477,600201
0,LAUNCESTON,1988,11,310634,311595,622229,0,0,0,310634,311595,622229
0,LAUNCESTON,1989,13,193195,197873,391068,0,0,0,193195,197873,391068
0,LAUNCESTON,1990,13,195054,194801,389855,0,0,0,195054,194801,389855
0,LAUNCESTON,1991,13,213836,217316,431152,0,0,0,213836,217316,431152
0,LAUNCESTON,1992,13,227168,229515,456683,0,0,0,227168,229515,456683
0,LAUNCESTON,1993,13,243562,243332,486894,0,0,0,243562,243332,486894
0,LAUNCESTON,1994,13,268891,270489,539380,0,0,0,268891,270489,539380
0,LAUNCESTON,1995,13,285723,287395,573118,0,0,0,285723,287395,573118
0,LAUNCESTON,1996,13,294240,297377,591617,0,0,0,294240,297377,591617
0,LAUNCESTON,1997,13,277665,281172,558837,0,0,0,277665,281172,558837
0,LAUNCESTON,1998,13,266959,268985,535944,0,0,0,266959,268985,535944
0,LAUNCESTON,1999,13,270833,273131,543964,0,0,0,270833,273131,543964
0,LAUNCESTON,2000,13,263006,266852,529858,0,0,0,263006,266852,529858
0,LAUNCESTON,2001,13,253621,255391,509012,0,0,0,253621,255391,509012
0,LAUNCESTON,2002,12,283450,286958,570408,0,0,0,283450,286958,570408
0,LAUNCESTON,2003,12,302799,305118,607917,0,0,0,302799,305118,607917
0,LAUNCESTON,2004,12,374048,376414,750462,0,0,0,374048,376414,750462
0,LAUNCESTON,2005,12,440829,446275,887104,0,0,0,440829,446275,887104
0,LAUNCESTON,2006,12,479463,483870,963333,0,0,0,479463,483870,963333
0,LAUNCESTON,2007,12,521353,518085,1039438,0,0,0,521353,518085,1039438
0,LAUNCESTON,2008,13,565122,562365,1127487,0,0,0,565122,562365,1127487
0,LAUNCESTON,2009,13,568639,567735,1136374,0,0,0,568639,567735,1136374
0,LAUNCESTON,2010,13,579966,578001,1157967,0,0,0,579966,578001,1157967
0,LAUNCESTON,2011,13,563246,562368,1125614,0,0,0,563246,562368,1125614
0,LAUNCESTON,2012,13,585854,586419,1172273,0,0,0,585854,586419,1172273
0,LAUNCESTON,2013,12,628995,628150,1257145,0,0,0,628995,628150,1257145
0,LAUNCESTON,2014,12,644117,645065,1289182,0,0,0,644117,645065,1289182
0,LAUNCESTON,2015,12,642642,643766,1286408,0,0,0,642642,643766,1286408
0,LAUNCESTON,2016,12,665543,665482,1331025,0,0,0,665543,665482,1331025
0,LAUNCESTON,2017,12,670236,670986,1341222,0,0,0,670236,670986,1341222
0,LAUNCESTON,2018,12,689056,692685,1381741,0,0,0,689056,692685,1381741
1,LEARMONTH,1985,-,11576,11559,23135,0,0,0,11576,11559,23135
0,LEARMONTH,1986,-,12028,12104,24132,0,0,0,12028,12104,24132
0,LEARMONTH,1987,-,11086,11155,22241,0,0,0,11086,11155,22241
0,LEARMONTH,1988,-,10560,10609,21169,0,0,0,10560,10609,21169
0,LEARMONTH,1989,-,8587,8607,17194,0,0,0,8587,8607,17194
0,LEARMONTH,1990,-,10351,10361,20712,0,0,0,10351,10361,20712
0,LEARMONTH,1991,-,9229,9458,18687,0,0,0,9229,9458,18687
0,LEARMONTH,1992,-,10369,10843,21212,0,0,0,10369,10843,21212
0,LEARMONTH,1993,-,13616,13841,27457,0,0,0,13616,13841,27457
0,LEARMONTH,1994,-,18017,18336,36353,0,0,0,18017,18336,36353
0,LEARMONTH,1995,-,13624,14102,27726,0,0,0,13624,14102,27726
0,LEARMONTH,1996,-,14138,14062,28200,0,0,0,14138,14062,28200
0,LEARMONTH,1997,-,14270,14472,28742,0,0,0,14270,14472,28742
0,LEARMONTH,1998,-,9420,9742,19162,0,0,0,9420,9742,19162
0,LEARMONTH,1999,-,9022,9400,18422,0,0,0,9022,9400,18422
0,LEARMONTH,2000,-,8393,8624,17017,0,0,0,8393,8624,17017
0,LEARMONTH,2001,-,6722,7040,13762,0,0,0,6722,7040,13762
0,LEARMONTH,2002,-,8020,8160,16180,0,0,0,8020,8160,16180
0,LEARMONTH,2003,-,8417,8587,17004,0,0,0,8417,8587,17004
0,LEARMONTH,2004,-,10718,11181,21899,0,0,0,10718,11181,21899
0,LEARMONTH,2005,-,13956,14502,28458,0,0,0,13956,14502,28458
0,LEARMONTH,2006,-,16238,16869,33107,0,0,0,16238,16869,33107
0,LEARMONTH,2007,-,19832,20935,40767,0,0,0,19832,20935,40767
0,LEARMONTH,2008,-,22457,23119,45576,0,0,0,22457,23119,45576
0,LEARMONTH,2009,-,20727,21687,42414,0,0,0,20727,21687,42414
0,LEARMONTH,2010,61,24562,25804,50366,0,0,0,24562,25804,50366
0,LEARMONTH,2011,51,33803,34867,68670,0,0,0,33803,34867,68670
0,LEARMONTH,2012,49,45474,46930,92404,0,0,0,45474,46930,92404
0,LEARMONTH,2013,48,44876,46867,91743,0,0,0,44876,46867,91743
0,LEARMONTH,2014,46,43788,44394,88182,0,0,0,43788,44394,88182
0,LEARMONTH,2015,47,42055,43362,85417,0,0,0,42055,43362,85417
0,LEARMONTH,2016,47,41716,42922,84638,0,0,0,41716,42922,84638
0,LEARMONTH,2017,47,40598,41988,82586,0,0,0,40598,41988,82586
0,LEARMONTH,2018,47,43477,44832,88309,0,0,0,43477,44832,88309
1,LISMORE,1985,-,2772,2867,5639,0,0,0,2772,2867,5639
0,LISMORE,1986,-,2668,2742,5410,0,0,0,2668,2742,5410
0,LISMORE,1987,-,2558,2471,5029,0,0,0,2558,2471,5029
0,LISMORE,1988,-,2467,2533,5000,0,0,0,2467,2533,5000
0,LISMORE,1989,-,1916,1911,3827,0,0,0,1916,1911,3827
0,LISMORE,1990,-,2095,2146,4241,0,0,0,2095,2146,4241
0,LISMORE,1991,-,11339,10843,22182,0,0,0,11339,10843,22182
0,LISMORE,1992,-,15146,14488,29634,0,0,0,15146,14488,29634
0,LISMORE,1993,-,18367,18978,37345,0,0,0,18367,18978,37345
0,LISMORE,1994,-,24367,24522,48889,0,0,0,24367,24522,48889
0,LISMORE,1995,48,25743,26243,51986,0,0,0,25743,26243,51986
0,LISMORE,1996,46,25733,25667,51400,0,0,0,25733,25667,51400
0,LISMORE,1997,46,25326,25797,51123,0,0,0,25326,25797,51123
0,LISMORE,1998,-,23987,24494,48481,0,0,0,23987,24494,48481
0,LISMORE,1999,-,23531,23800,47331,0,0,0,23531,23800,47331
0,LISMORE,2000,-,22691,23189,45880,0,0,0,22691,23189,45880
0,LISMORE,2001,-,18085,18659,36744,0,0,0,18085,18659,36744
0,LISMORE,2002,-,16832,17446,34278,0,0,0,16832,17446,34278
0,LISMORE,2003,-,21642,21907,43549,0,0,0,21642,21907,43549
0,LISMORE,2004,46,33010,33091,66101,0,0,0,33010,33091,66101
0,LISMORE,2005,47,33128,32630,65758,0,0,0,33128,32630,65758
0,LISMORE,2006,49,32639,32528,65167,0,0,0,32639,32528,65167
0,LISMORE,2007,50,34757,34447,69204,0,0,0,34757,34447,69204
0,LISMORE,2008,53,32932,32823,65755,0,0,0,32932,32823,65755
0,LISMORE,2009,54,28550,28465,57015,0,0,0,28550,28465,57015
0,LISMORE,2010,58,26080,26239,52319,0,0,0,26080,26239,52319
0,LISMORE,2011,-,23375,23437,46812,0,0,0,23375,23437,46812
0,LISMORE,2012,-,19746,19802,39548,0,0,0,19746,19802,39548
0,LISMORE,2013,-,16690,16336,33026,0,0,0,16690,16336,33026
0,LISMORE,2014,-,15373,15129,30502,0,0,0,15373,15129,30502
0,LISMORE,2015,-,11345,11083,22428,0,0,0,11345,11083,22428
0,LISMORE,2016,-,10447,10161,20608,0,0,0,10447,10161,20608
0,LISMORE,2017,-,8361,7905,16266,0,0,0,8361,7905,16266
0,LISMORE,2018,-,6632,6171,12803,0,0,0,6632,6171,12803
1,LOCKHART RIVER,1985,-,1076,920,1996,0,0,0,1076,920,1996
0,LOCKHART RIVER,1986,-,2159,2232,4391,0,0,0,2159,2232,4391
0,LOCKHART RIVER,1987,-,6369,6500,12869,0,0,0,6369,6500,12869
0,LOCKHART RIVER,1988,-,1850,1852,3702,0,0,0,1850,1852,3702
0,LOCKHART RIVER,1989,-,250,305,555,0,0,0,250,305,555
0,LOCKHART RIVER,1990,-,487,539,1026,0,0,0,487,539,1026
0,LOCKHART RIVER,1991,-,1282,1340,2622,0,0,0,1282,1340,2622
0,LOCKHART RIVER,1992,-,1742,1888,3630,0,0,0,1742,1888,3630
0,LOCKHART RIVER,1993,-,1951,2048,3999,0,0,0,1951,2048,3999
0,LOCKHART RIVER,1994,-,1041,1156,2197,0,0,0,1041,1156,2197
0,LOCKHART RIVER,1995,-,0,0,0,0,0,0,0,0,0
0,LOCKHART RIVER,1996,-,545,545,1090,0,0,0,545,545,1090
0,LOCKHART RIVER,1997,-,1466,1293,2759,0,0,0,1466,1293,2759
0,LOCKHART RIVER,1998,-,1732,1411,3143,0,0,0,1732,1411,3143
0,LOCKHART RIVER,1999,-,1923,1719,3642,0,0,0,1923,1719,3642
0,LOCKHART RIVER,2000,-,1564,1623,3187,0,0,0,1564,1623,3187
0,LOCKHART RIVER,2001,-,1462,1533,2995,0,0,0,1462,1533,2995
0,LOCKHART RIVER,2002,-,1510,1599,3109,0,0,0,1510,1599,3109
0,LOCKHART RIVER,2003,-,1540,1461,3001,0,0,0,1540,1461,3001
0,LOCKHART RIVER,2004,-,1722,1740,3462,0,0,0,1722,1740,3462
0,LOCKHART RIVER,2005,-,1658,1664,3322,0,0,0,1658,1664,3322
0,LOCKHART RIVER,2006,-,1923,1850,3773,0,0,0,1923,1850,3773
0,LOCKHART RIVER,2007,-,1710,1749,3459,0,0,0,1710,1749,3459
0,LOCKHART RIVER,2008,-,3251,3210,6461,0,0,0,3251,3210,6461
0,LOCKHART RIVER,2009,-,4095,3996,8091,0,0,0,4095,3996,8091
0,LOCKHART RIVER,2010,-,4003,3890,7893,0,0,0,4003,3890,7893
0,LOCKHART RIVER,2011,-,2648,2649,5297,0,0,0,2648,2649,5297
0,LOCKHART RIVER,2012,-,2538,2586,5124,0,0,0,2538,2586,5124
0,LOCKHART RIVER,2013,-,2280,2319,4599,0,0,0,2280,2319,4599
0,LOCKHART RIVER,2014,-,2204,2265,4469,0,0,0,2204,2265,4469
0,LOCKHART RIVER,2015,-,1339,1370,2709,0,0,0,1339,1370,2709
0,LOCKHART RIVER,2016,-,1812,1799,3611,0,0,0,1812,1799,3611
0,LOCKHART RIVER,2017,-,5151,5246,10397,0,0,0,5151,5246,10397
0,LOCKHART RIVER,2018,-,7164,7144,14308,0,0,0,7164,7144,14308
1,LONGREACH,1985,-,3051,3058,6109,0,0,0,3051,3058,6109
0,LONGREACH,1986,-,3116,3067,6183,0,0,0,3116,3067,6183
0,LONGREACH,1987,-,1218,1115,2333,0,0,0,1218,1115,2333
0,LONGREACH,1988,-,0,0,0,0,0,0,0,0,0
0,LONGREACH,1989,-,0,0,0,0,0,0,0,0,0
0,LONGREACH,1990,-,0,0,0,0,0,0,0,0,0
0,LONGREACH,1991,-,3618,3546,7164,0,0,0,3618,3546,7164
0,LONGREACH,1992,-,3877,4067,7944,0,0,0,3877,4067,7944
0,LONGREACH,1993,-,3485,3549,7034,0,0,0,3485,3549,7034
0,LONGREACH,1994,-,4757,5003,9760,0,0,0,4757,5003,9760
0,LONGREACH,1995,-,5574,5763,11337,0,0,0,5574,5763,11337
0,LONGREACH,1996,-,5662,5883,11545,0,0,0,5662,5883,11545
0,LONGREACH,1997,-,5687,6387,12074,0,0,0,5687,6387,12074
0,LONGREACH,1998,-,7272,8126,15398,0,0,0,7272,8126,15398
0,LONGREACH,1999,-,9651,9884,19535,0,0,0,9651,9884,19535
0,LONGREACH,2000,-,9524,9746,19270,0,0,0,9524,9746,19270
0,LONGREACH,2001,-,8806,8718,17524,0,0,0,8806,8718,17524
0,LONGREACH,2002,-,10400,10734,21134,0,0,0,10400,10734,21134
0,LONGREACH,2003,-,8998,9494,18492,0,0,0,8998,9494,18492
0,LONGREACH,2004,-,8373,8992,17365,0,0,0,8373,8992,17365
0,LONGREACH,2005,-,8335,8916,17251,0,0,0,8335,8916,17251
0,LONGREACH,2006,-,9332,9915,19247,0,0,0,9332,9915,19247
0,LONGREACH,2007,-,11499,12401,23900,0,0,0,11499,12401,23900
0,LONGREACH,2008,-,14062,15223,29285,0,0,0,14062,15223,29285
0,LONGREACH,2009,-,13859,14976,28835,0,0,0,13859,14976,28835
0,LONGREACH,2010,-,15133,16052,31185,0,0,0,15133,16052,31185
0,LONGREACH,2011,-,15374,19572,34946,0,0,0,15374,19572,34946
0,LONGREACH,2012,-,14760,15721,30481,0,0,0,14760,15721,30481
0,LONGREACH,2013,-,15027,15996,31023,0,0,0,15027,15996,31023
0,LONGREACH,2014,-,15258,16209,31467,0,0,0,15258,16209,31467
0,LONGREACH,2015,-,14928,15731,30659,0,0,0,14928,15731,30659
0,LONGREACH,2016,-,15071,15905,30976,0,0,0,15071,15905,30976
0,LONGREACH,2017,-,15620,16666,32286,0,0,0,15620,16666,32286
0,LONGREACH,2018,-,16543,17380,33923,0,0,0,16543,17380,33923
1,LORD HOWE ISLAND,1985,-,8976,8029,17005,0,0,0,8976,8029,17005
0,LORD HOWE ISLAND,1986,-,9562,9212,18774,0,0,0,9562,9212,18774
0,LORD HOWE ISLAND,1987,-,9615,9675,19290,0,0,0,9615,9675,19290
0,LORD HOWE ISLAND,1988,-,10440,9975,20415,0,0,0,10440,9975,20415
0,LORD HOWE ISLAND,1989,-,10213,9660,19873,0,0,0,10213,9660,19873
0,LORD HOWE ISLAND,1990,-,8333,8752,17085,0,0,0,8333,8752,17085
0,LORD HOWE ISLAND,1991,-,6972,7075,14047,0,0,0,6972,7075,14047
0,LORD HOWE ISLAND,1992,-,11502,11747,23249,0,0,0,11502,11747,23249
0,LORD HOWE ISLAND,1993,-,9054,8674,17728,0,0,0,9054,8674,17728
0,LORD HOWE ISLAND,1994,-,8829,8562,17391,0,0,0,8829,8562,17391
0,LORD HOWE ISLAND,1995,-,10095,10038,20133,0,0,0,10095,10038,20133
0,LORD HOWE ISLAND,1996,-,10808,10802,21610,0,0,0,10808,10802,21610
0,LORD HOWE ISLAND,1997,-,12334,12347,24681,0,0,0,12334,12347,24681
0,LORD HOWE ISLAND,1998,-,13258,13416,26674,0,0,0,13258,13416,26674
0,LORD HOWE ISLAND,1999,-,13921,13943,27864,0,0,0,13921,13943,27864
0,LORD HOWE ISLAND,2000,-,12500,12596,25096,0,0,0,12500,12596,25096
0,LORD HOWE ISLAND,2001,-,12517,12542,25059,0,0,0,12517,12542,25059
0,LORD HOWE ISLAND,2002,-,12580,12565,25145,0,0,0,12580,12565,25145
0,LORD HOWE ISLAND,2003,-,13130,12985,26115,0,0,0,13130,12985,26115
0,LORD HOWE ISLAND,2004,-,13233,13218,26451,0,0,0,13233,13218,26451
0,LORD HOWE ISLAND,2005,-,14356,14253,28609,0,0,0,14356,14253,28609
0,LORD HOWE ISLAND,2006,-,16004,16095,32099,0,0,0,16004,16095,32099
0,LORD HOWE ISLAND,2007,-,16653,16872,33525,0,0,0,16653,16872,33525
0,LORD HOWE ISLAND,2008,-,17329,17244,34573,0,0,0,17329,17244,34573
0,LORD HOWE ISLAND,2009,-,16558,16520,33078,0,0,0,16558,16520,33078
0,LORD HOWE ISLAND,2010,-,16401,16433,32834,0,0,0,16401,16433,32834
0,LORD HOWE ISLAND,2011,-,15571,15554,31125,0,0,0,15571,15554,31125
0,LORD HOWE ISLAND,2012,-,16006,15871,31877,0,0,0,16006,15871,31877
0,LORD HOWE ISLAND,2013,-,16969,16989,33958,0,0,0,16969,16989,33958
0,LORD HOWE ISLAND,2014,-,16764,16716,33480,0,0,0,16764,16716,33480
0,LORD HOWE ISLAND,2015,-,16495,16448,32943,0,0,0,16495,16448,32943
0,LORD HOWE ISLAND,2016,-,17653,17819,35472,0,0,0,17653,17819,35472
0,LORD HOWE ISLAND,2017,-,17257,17300,34557,0,0,0,17257,17300,34557
0,LORD HOWE ISLAND,2018,-,17327,17180,34507,0,0,0,17327,17180,34507
1,MACKAY,1985,18,98746,99604,198350,0,0,0,98746,99604,198350
0,MACKAY,1986,17,110224,110812,221036,0,0,0,110224,110812,221036
0,MACKAY,1987,18,100409,101239,201648,0,0,0,100409,101239,201648
0,MACKAY,1988,16,99925,100977,200902,0,0,0,99925,100977,200902
0,MACKAY,1989,16,69542,71676,141218,0,0,0,69542,71676,141218
0,MACKAY,1990,17,83087,85060,168147,0,0,0,83087,85060,168147
0,MACKAY,1991,16,93939,96508,190447,0,0,0,93939,96508,190447
0,MACKAY,1992,16,105353,107378,212731,0,0,0,105353,107378,212731
0,MACKAY,1993,16,116331,118188,234519,0,0,0,116331,118188,234519
0,MACKAY,1994,17,127259,129256,256515,0,0,0,127259,129256,256515
0,MACKAY,1995,18,140163,142005,282168,0,0,0,140163,142005,282168
0,MACKAY,1996,18,146107,147315,293422,0,0,0,146107,147315,293422
0,MACKAY,1997,17,149566,150388,299954,0,0,0,149566,150388,299954
0,MACKAY,1998,17,140755,142619,283374,0,0,0,140755,142619,283374
0,MACKAY,1999,18,138081,139380,277461,0,0,0,138081,139380,277461
0,MACKAY,2000,17,138589,139771,278360,0,0,0,138589,139771,278360
0,MACKAY,2001,15,138053,139358,277411,0,0,0,138053,139358,277411
0,MACKAY,2002,15,168615,169616,338231,0,0,0,168615,169616,338231
0,MACKAY,2003,14,203705,202754,406459,0,0,0,203705,202754,406459
0,MACKAY,2004,15,255126,255870,510996,0,0,0,255126,255870,510996
0,MACKAY,2005,15,313443,314899,628342,0,0,0,313443,314899,628342
0,MACKAY,2006,15,353623,355154,708777,0,0,0,353623,355154,708777
0,MACKAY,2007,15,387788,389136,776924,0,0,0,387788,389136,776924
0,MACKAY,2008,15,459624,459772,919396,0,0,0,459624,459772,919396
0,MACKAY,2009,14,462851,462838,925689,0,0,0,462851,462838,925689
0,MACKAY,2010,14,489573,493494,983067,0,0,0,489573,493494,983067
0,MACKAY,2011,14,540522,542079,1082601,0,0,0,540522,542079,1082601
0,MACKAY,2012,14,561837,564406,1126243,0,0,0,561837,564406,1126243
0,MACKAY,2013,14,550711,551883,1102594,0,0,0,550711,551883,1102594
0,MACKAY,2014,14,484502,485461,969963,0,0,0,484502,485461,969963
0,MACKAY,2015,15,434538,434394,868932,0,0,0,434538,434394,868932
0,MACKAY,2016,15,383172,384481,767653,0,0,0,383172,384481,767653
0,MACKAY,2017,15,379464,383539,763003,0,0,0,379464,383539,763003
0,MACKAY,2018,15,403304,404662,807966,0,0,0,403304,404662,807966
1,MANINGRIDA,1985,-,685,724,1409,0,0,0,685,724,1409
0,MANINGRIDA,1986,-,0,0,0,0,0,0,0,0,0
0,MANINGRIDA,1987,-,0,0,0,0,0,0,0,0,0
0,MANINGRIDA,1988,-,2,2,4,0,0,0,2,2,4
0,MANINGRIDA,1989,-,0,0,0,0,0,0,0,0,0
0,MANINGRIDA,1990,-,0,0,0,0,0,0,0,0,0
0,MANINGRIDA,1991,-,55,55,110,0,0,0,55,55,110
0,MANINGRIDA,1992,-,3266,3307,6573,0,0,0,3266,3307,6573
0,MANINGRIDA,1993,-,3880,4041,7921,0,0,0,3880,4041,7921
0,MANINGRIDA,1994,-,4555,4269,8824,0,0,0,4555,4269,8824
0,MANINGRIDA,1995,-,4040,4040,8080,0,0,0,4040,4040,8080
0,MANINGRIDA,1996,-,6226,6226,12452,0,0,0,6226,6226,12452
0,MANINGRIDA,1997,-,7277,7277,14554,0,0,0,7277,7277,14554
0,MANINGRIDA,1998,-,7289,7289,14578,0,0,0,7289,7289,14578
0,MANINGRIDA,1999,-,6817,6817,13634,0,0,0,6817,6817,13634
0,MANINGRIDA,2000,-,7344,7189,14533,0,0,0,7344,7189,14533
0,MANINGRIDA,2001,-,9144,8369,17513,0,0,0,9144,8369,17513
0,MANINGRIDA,2002,-,9980,9457,19437,0,0,0,9980,9457,19437
0,MANINGRIDA,2003,-,11523,11247,22770,0,0,0,11523,11247,22770
0,MANINGRIDA,2004,-,12276,12065,24341,0,0,0,12276,12065,24341
0,MANINGRIDA,2005,-,11749,11495,23244,0,0,0,11749,11495,23244
0,MANINGRIDA,2006,-,8861,8562,17423,0,0,0,8861,8562,17423
0,MANINGRIDA,2007,-,5681,5631,11312,0,0,0,5681,5631,11312
0,MANINGRIDA,2008,-,5469,5306,10775,0,0,0,5469,5306,10775
0,MANINGRIDA,2009,-,6292,6291,12583,0,0,0,6292,6291,12583
0,MANINGRIDA,2010,-,6915,6799,13714,0,0,0,6915,6799,13714
0,MANINGRIDA,2011,-,7350,7261,14611,0,0,0,7350,7261,14611
0,MANINGRIDA,2012,-,6784,6699,13483,0,0,0,6784,6699,13483
0,MANINGRIDA,2013,-,6450,6609,13059,0,0,0,6450,6609,13059
0,MANINGRIDA,2014,-,6073,6038,12111,0,0,0,6073,6038,12111
0,MANINGRIDA,2015,-,5599,5779,11378,0,0,0,5599,5779,11378
0,MANINGRIDA,2016,-,5755,5714,11469,0,0,0,5755,5714,11469
0,MANINGRIDA,2017,-,6182,6156,12338,0,0,0,6182,6156,12338
0,MANINGRIDA,2018,-,5623,5758,11381,0,0,0,5623,5758,11381
1,MELBOURNE,1985,2,2582309,2582207,5164516,603341,571099,1174440,3185650,3153306,6338956
0,MELBOURNE,1986,2,2680498,2673151,5353649,655643,617436,1273079,3336141,3290587,6626728
0,MELBOURNE,1987,2,2849607,2850349,5699956,745601,673090,1418691,3595208,3523439,7118647
0,MELBOURNE,1988,2,3092370,3083814,6176184,799738,739532,1539270,3892108,3823346,7715454
0,MELBOURNE,1989,2,2455652,2439423,4895075,832589,796693,1629282,3288241,3236116,6524357
0,MELBOURNE,1990,2,3076429,3067228,6143657,875722,841469,1717191,3952151,3908697,7860848
0,MELBOURNE,1991,2,3975176,3964330,7939506,864208,839658,1703866,4839384,4803988,9643372
0,MELBOURNE,1992,2,4091538,4080475,8172013,873248,864708,1737956,4964786,4945183,9909969
0,MELBOURNE,1993,2,4331646,4314752,8646398,930161,917716,1847877,5261807,5232468,10494275
0,MELBOURNE,1994,2,4811148,4808667,9619815,947188,924320,1871508,5758336,5732987,11491323
0,MELBOURNE,1995,2,5256179,5225516,10481695,1008997,1002157,2011154,6265176,6227673,12492849
0,MELBOURNE,1996,2,5558900,5538364,11097264,1103686,1089623,2193309,6662586,6627987,13290573
0,MELBOURNE,1997,2,5625360,5602351,11227711,1188304,1184831,2373135,6813664,6787182,13600846
0,MELBOURNE,1998,2,5715032,5714109,11429141,1260363,1228769,2489132,6975395,6942878,13918273
0,MELBOURNE,1999,2,5949558,5951398,11900956,1335558,1319249,2654807,7285116,7270647,14555763
0,MELBOURNE,2000,2,6476040,6457707,12933747,1518891,1524738,3043629,7994931,7982445,15977376
0,MELBOURNE,2001,2,6643986,6621863,13265849,1667877,1647695,3315572,8311863,8269558,16581421
0,MELBOURNE,2002,2,6450069,6433080,12883149,1677808,1635943,3313751,8127877,8069023,16196900
0,MELBOURNE,2003,2,7014218,7007271,14021489,1620653,1578881,3199534,8634871,8586152,17221023
0,MELBOURNE,2004,2,7904151,7908799,15812950,1993040,1943395,3936435,9897191,9852194,19749385
0,MELBOURNE,2005,2,8225693,8279434,16505127,2150224,2074411,4224635,10375917,10353845,20729762
0,MELBOURNE,2006,2,8638580,8637998,17276578,2181306,2109984,4291290,10819886,10747982,21567868
0,MELBOURNE,2007,2,9089994,9095331,18185325,2308615,2256469,4565084,11398609,11351800,22750409
0,MELBOURNE,2008,2,9930819,9904567,19835386,2400197,2332347,4732544,12331016,12236914,24567930
0,MELBOURNE,2009,2,9883405,9871813,19755218,2588313,2542039,5130352,12471718,12413852,24885570
0,MELBOURNE,2010,2,10765659,10756594,21522253,2942050,2930461,5872511,13707709,13687055,27394764
0,MELBOURNE,2011,2,10615858,10590688,21206546,3248438,3212520,6460958,13864296,13803208,27667504
0,MELBOURNE,2012,2,11063471,11034879,22098350,3439570,3379672,6819242,14503041,14414551,28917592
0,MELBOURNE,2013,2,11480993,11427291,22908284,3683770,3628373,7312143,15164763,15055664,30220427
0,MELBOURNE,2014,2,11701325,11663002,23364327,4031981,3990485,8022466,15733306,15653487,31386793
0,MELBOURNE,2015,2,11989261,11941636,23930897,4458023,4401293,8859316,16447284,16342929,32790213
0,MELBOURNE,2016,2,12396220,12336383,24732603,4855000,4787586,9642586,17251220,17123969,34375189
0,MELBOURNE,2017,2,12636285,12599454,25235739,5210547,5113235,10323782,17846832,17712689,35559521
0,MELBOURNE,2018,2,12854246,12838499,25692745,5656022,5567862,11223884,18510268,18406361,36916629
1,MERIMBULA,1985,-,17979,17875,35854,0,0,0,17979,17875,35854
0,MERIMBULA,1986,-,17974,17594,35568,0,0,0,17974,17594,35568
0,MERIMBULA,1987,-,17965,17196,35161,0,0,0,17965,17196,35161
0,MERIMBULA,1988,-,18137,17591,35728,0,0,0,18137,17591,35728
0,MERIMBULA,1989,-,13899,13600,27499,0,0,0,13899,13600,27499
0,MERIMBULA,1990,-,11950,12362,24312,0,0,0,11950,12362,24312
0,MERIMBULA,1991,-,10747,10829,21576,0,0,0,10747,10829,21576
0,MERIMBULA,1992,-,10940,11075,22015,0,0,0,10940,11075,22015
0,MERIMBULA,1993,-,11071,10940,22011,0,0,0,11071,10940,22011
0,MERIMBULA,1994,-,12092,11925,24017,0,0,0,12092,11925,24017
0,MERIMBULA,1995,-,12348,12032,24380,0,0,0,12348,12032,24380
0,MERIMBULA,1996,-,12906,12941,25847,0,0,0,12906,12941,25847
0,MERIMBULA,1997,-,13559,13465,27024,0,0,0,13559,13465,27024
0,MERIMBULA,1998,-,13831,13860,27691,0,0,0,13831,13860,27691
0,MERIMBULA,1999,-,13980,14094,28074,0,0,0,13980,14094,28074
0,MERIMBULA,2000,-,14048,14071,28119,0,0,0,14048,14071,28119
0,MERIMBULA,2001,-,11267,11425,22692,0,0,0,11267,11425,22692
0,MERIMBULA,2002,-,10856,10902,21758,0,0,0,10856,10902,21758
0,MERIMBULA,2003,-,12508,12572,25080,0,0,0,12508,12572,25080
0,MERIMBULA,2004,-,22622,22508,45130,0,0,0,22622,22508,45130
0,MERIMBULA,2005,53,26650,26582,53232,0,0,0,26650,26582,53232
0,MERIMBULA,2006,51,30611,30773,61384,0,0,0,30611,30773,61384
0,MERIMBULA,2007,51,32880,33206,66086,0,0,0,32880,33206,66086
0,MERIMBULA,2008,57,29654,29553,59207,0,0,0,29654,29553,59207
0,MERIMBULA,2009,57,26459,26661,53120,0,0,0,26459,26661,53120
0,MERIMBULA,2010,60,26021,26101,52122,0,0,0,26021,26101,52122
0,MERIMBULA,2011,60,25531,25530,51061,0,0,0,25531,25530,51061
0,MERIMBULA,2012,60,25573,25431,51004,0,0,0,25573,25431,51004
0,MERIMBULA,2013,-,22871,22715,45586,0,0,0,22871,22715,45586
0,MERIMBULA,2014,-,25007,24939,49946,0,0,0,25007,24939,49946
0,MERIMBULA,2015,60,26408,26773,53181,0,0,0,26408,26773,53181
0,MERIMBULA,2016,57,27657,27708,55365,0,0,0,27657,27708,55365
0,MERIMBULA,2017,60,28806,28824,57630,0,0,0,28806,28824,57630
0,MERIMBULA,2018,58,30348,30529,60877,0,0,0,30348,30529,60877
1,MILDURA,1985,46,25603,25806,51409,0,0,0,25603,25806,51409
0,MILDURA,1986,45,28533,28526,57059,0,0,0,28533,28526,57059
0,MILDURA,1987,43,28952,28924,57876,0,0,0,28952,28924,57876
0,MILDURA,1988,42,29097,29630,58727,0,0,0,29097,29630,58727
0,MILDURA,1989,35,27086,27685,54771,0,0,0,27086,27685,54771
0,MILDURA,1990,39,25070,25184,50254,0,0,0,25070,25184,50254
0,MILDURA,1991,-,22878,23615,46493,0,0,0,22878,23615,46493
0,MILDURA,1992,42,26432,26837,53269,0,0,0,26432,26837,53269
0,MILDURA,1993,41,30802,31133,61935,0,0,0,30802,31133,61935
0,MILDURA,1994,42,34637,34663,69300,0,0,0,34637,34663,69300
0,MILDURA,1995,37,38636,39211,77847,0,0,0,38636,39211,77847
0,MILDURA,1996,36,45850,46541,92391,0,0,0,45850,46541,92391
0,MILDURA,1997,33,51635,52234,103869,0,0,0,51635,52234,103869
0,MILDURA,1998,32,56012,56507,112519,0,0,0,56012,56507,112519
0,MILDURA,1999,30,58281,59080,117361,0,0,0,58281,59080,117361
0,MILDURA,2000,30,61202,61897,123099,0,0,0,61202,61897,123099
0,MILDURA,2001,30,50822,51154,101976,0,0,0,50822,51154,101976
0,MILDURA,2002,30,48657,48967,97624,0,0,0,48657,48967,97624
0,MILDURA,2003,28,56008,56191,112199,0,0,0,56008,56191,112199
0,MILDURA,2004,28,69589,70009,139598,0,0,0,69589,70009,139598
0,MILDURA,2005,29,75140,75362,150502,0,0,0,75140,75362,150502
0,MILDURA,2006,31,80867,81478,162345,0,0,0,80867,81478,162345
0,MILDURA,2007,33,84977,86230,171207,0,0,0,84977,86230,171207
0,MILDURA,2008,33,86622,86129,172751,0,0,0,86622,86129,172751
0,MILDURA,2009,30,99054,98923,197977,0,0,0,99054,98923,197977
0,MILDURA,2010,30,103993,103892,207885,0,0,0,103993,103892,207885
0,MILDURA,2011,34,99366,99643,199009,0,0,0,99366,99643,199009
0,MILDURA,2012,34,105077,105034,210111,0,0,0,105077,105034,210111
0,MILDURA,2013,34,108932,109048,217980,0,0,0,108932,109048,217980
0,MILDURA,2014,34,106802,107269,214071,0,0,0,106802,107269,214071
0,MILDURA,2015,31,106591,106910,213501,0,0,0,106591,106910,213501
0,MILDURA,2016,31,110784,111016,221800,0,0,0,110784,111016,221800
0,MILDURA,2017,31,113573,113949,227522,0,0,0,113573,113949,227522
0,MILDURA,2018,30,120560,121016,241576,0,0,0,120560,121016,241576
1,MOORABBIN,1985,-,0,0,0,0,0,0,0,0,0
0,MOORABBIN,1986,-,0,0,0,0,0,0,0,0,0
0,MOORABBIN,1987,-,1373,1659,3032,0,0,0,1373,1659,3032
0,MOORABBIN,1988,-,5236,5489,10725,0,0,0,5236,5489,10725
0,MOORABBIN,1989,-,13573,14511,28084,0,0,0,13573,14511,28084
0,MOORABBIN,1990,-,19575,19857,39432,0,0,0,19575,19857,39432
0,MOORABBIN,1991,-,15254,16639,31893,0,0,0,15254,16639,31893
0,MOORABBIN,1992,-,15945,16361,32306,0,0,0,15945,16361,32306
0,MOORABBIN,1993,-,16464,17016,33480,0,0,0,16464,17016,33480
0,MOORABBIN,1994,-,16942,16561,33503,0,0,0,16942,16561,33503
0,MOORABBIN,1995,-,15652,15753,31405,0,0,0,15652,15753,31405
0,MOORABBIN,1996,-,13797,13731,27528,0,0,0,13797,13731,27528
0,MOORABBIN,1997,-,15629,15683,31312,0,0,0,15629,15683,31312
0,MOORABBIN,1998,-,15678,15678,31356,0,0,0,15678,15678,31356
0,MOORABBIN,1999,-,9456,9456,18912,0,0,0,9456,9456,18912
0,MOORABBIN,2000,-,2354,2354,4708,0,0,0,2354,2354,4708
0,MOORABBIN,2001,-,2373,2373,4746,0,0,0,2373,2373,4746
0,MOORABBIN,2002,-,2397,2397,4794,0,0,0,2397,2397,4794
0,MOORABBIN,2003,-,2635,2635,5270,0,0,0,2635,2635,5270
0,MOORABBIN,2004,-,3244,3239,6483,0,0,0,3244,3239,6483
0,MOORABBIN,2005,-,3760,3489,7249,0,0,0,3760,3489,7249
0,MOORABBIN,2006,-,4291,4469,8760,0,0,0,4291,4469,8760
0,MOORABBIN,2007,-,4438,4367,8805,0,0,0,4438,4367,8805
0,MOORABBIN,2008,-,5337,5352,10689,0,0,0,5337,5352,10689
0,MOORABBIN,2009,-,5962,5880,11842,0,0,0,5962,5880,11842
0,MOORABBIN,2010,-,4888,4888,9776,0,0,0,4888,4888,9776
0,MOORABBIN,2011,-,4862,4862,9724,0,0,0,4862,4862,9724
0,MOORABBIN,2012,-,4878,4878,9756,0,0,0,4878,4878,9756
0,MOORABBIN,2013,-,4883,4883,9766,0,0,0,4883,4883,9766
0,MOORABBIN,2014,-,4805,4805,9610,0,0,0,4805,4805,9610
0,MOORABBIN,2015,-,4498,4498,8996,0,0,0,4498,4498,8996
0,MOORABBIN,2016,-,4537,4537,9074,0,0,0,4537,4537,9074
0,MOORABBIN,2017,-,4545,4545,9090,0,0,0,4545,4545,9090
0,MOORABBIN,2018,-,4540,4540,9080,0,0,0,4540,4540,9080
1,MORANBAH,1985,-,342,280,622,0,0,0,342,280,622
0,MORANBAH,1986,-,512,552,1064,0,0,0,512,552,1064
0,MORANBAH,1987,-,324,340,664,0,0,0,324,340,664
0,MORANBAH,1988,-,209,238,447,0,0,0,209,238,447
0,MORANBAH,1989,-,74,101,175,0,0,0,74,101,175
0,MORANBAH,1990,-,64,68,132,0,0,0,64,68,132
0,MORANBAH,1991,-,0,0,0,0,0,0,0,0,0
0,MORANBAH,1992,-,0,0,0,0,0,0,0,0,0
0,MORANBAH,1993,-,0,0,0,0,0,0,0,0,0
0,MORANBAH,1994,-,0,0,0,0,0,0,0,0,0
0,MORANBAH,1995,-,0,0,0,0,0,0,0,0,0
0,MORANBAH,1996,-,0,0,0,0,0,0,0,0,0
0,MORANBAH,1997,-,0,0,0,0,0,0,0,0,0
0,MORANBAH,1998,-,0,0,0,0,0,0,0,0,0
0,MORANBAH,1999,-,0,0,0,0,0,0,0,0,0
0,MORANBAH,2000,-,0,0,0,0,0,0,0,0,0
0,MORANBAH,2001,-,0,0,0,0,0,0,0,0,0
0,MORANBAH,2002,-,0,0,0,0,0,0,0,0,0
0,MORANBAH,2003,-,0,0,0,0,0,0,0,0,0
0,MORANBAH,2004,-,2858,2857,5715,0,0,0,2858,2857,5715
0,MORANBAH,2005,-,3476,3473,6949,0,0,0,3476,3473,6949
0,MORANBAH,2006,-,5222,5205,10427,0,0,0,5222,5205,10427
0,MORANBAH,2007,-,6181,6295,12476,0,0,0,6181,6295,12476
0,MORANBAH,2008,-,5970,6089,12059,0,0,0,5970,6089,12059
0,MORANBAH,2009,-,2749,2668,5417,0,0,0,2749,2668,5417
0,MORANBAH,2010,-,14140,13385,27525,0,0,0,14140,13385,27525
0,MORANBAH,2011,49,39376,39638,79014,0,0,0,39376,39638,79014
0,MORANBAH,2012,42,66677,67208,133885,0,0,0,66677,67208,133885
0,MORANBAH,2013,39,85570,89322,174892,0,0,0,85570,89322,174892
0,MORANBAH,2014,39,86035,88089,174124,0,0,0,86035,88089,174124
0,MORANBAH,2015,42,68181,70632,138813,0,0,0,68181,70632,138813
0,MORANBAH,2016,44,58584,58896,117480,0,0,0,58584,58896,117480
0,MORANBAH,2017,44,58123,57250,115373,0,0,0,58123,57250,115373
0,MORANBAH,2018,45,51895,51843,103738,0,0,0,51895,51843,103738
1,MOREE,1985,-,15020,15182,30202,0,0,0,15020,15182,30202
0,MOREE,1986,-,14692,14733,29425,0,0,0,14692,14733,29425
0,MOREE,1987,-,13747,13865,27612,0,0,0,13747,13865,27612
0,MOREE,1988,-,14672,14640,29312,0,0,0,14672,14640,29312
0,MOREE,1989,-,8656,8864,17520,0,0,0,8656,8864,17520
0,MOREE,1990,-,6894,6923,13817,0,0,0,6894,6923,13817
0,MOREE,1991,-,6622,6742,13364,0,0,0,6622,6742,13364
0,MOREE,1992,-,9115,9338,18453,0,0,0,9115,9338,18453
0,MOREE,1993,-,9678,9874,19552,0,0,0,9678,9874,19552
0,MOREE,1994,-,9222,9359,18581,0,0,0,9222,9359,18581
0,MOREE,1995,-,9691,9926,19617,0,0,0,9691,9926,19617
0,MOREE,1996,-,11184,11530,22714,0,0,0,11184,11530,22714
0,MOREE,1997,-,10875,11022,21897,0,0,0,10875,11022,21897
0,MOREE,1998,-,11160,11389,22549,0,0,0,11160,11389,22549
0,MOREE,1999,-,11453,11617,23070,0,0,0,11453,11617,23070
0,MOREE,2000,-,12119,12540,24659,0,0,0,12119,12540,24659
0,MOREE,2001,-,10485,10714,21199,0,0,0,10485,10714,21199
0,MOREE,2002,-,9236,9413,18649,0,0,0,9236,9413,18649
0,MOREE,2003,-,9707,9994,19701,0,0,0,9707,9994,19701
0,MOREE,2004,-,10537,10689,21226,0,0,0,10537,10689,21226
0,MOREE,2005,-,10658,10970,21628,0,0,0,10658,10970,21628
0,MOREE,2006,-,10440,10753,21193,0,0,0,10440,10753,21193
0,MOREE,2007,-,11420,11795,23215,0,0,0,11420,11795,23215
0,MOREE,2008,-,14629,15129,29758,0,0,0,14629,15129,29758
0,MOREE,2009,-,13890,13858,27748,0,0,0,13890,13858,27748
0,MOREE,2010,-,14711,14737,29448,0,0,0,14711,14737,29448
0,MOREE,2011,-,15181,15238,30419,0,0,0,15181,15238,30419
0,MOREE,2012,-,13814,13692,27506,0,0,0,13814,13692,27506
0,MOREE,2013,-,13435,13660,27095,0,0,0,13435,13660,27095
0,MOREE,2014,-,16890,16579,33469,0,0,0,16890,16579,33469
0,MOREE,2015,-,17013,16962,33975,0,0,0,17013,16962,33975
0,MOREE,2016,-,17052,16842,33894,0,0,0,17052,16842,33894
0,MOREE,2017,-,18027,18434,36461,0,0,0,18027,18434,36461
0,MOREE,2018,-,17579,17716,35295,0,0,0,17579,17716,35295
1,MORNINGTON ISLAND,1985,-,1412,1368,2780,0,0,0,1412,1368,2780
0,MORNINGTON ISLAND,1986,-,1819,1823,3642,0,0,0,1819,1823,3642
0,MORNINGTON ISLAND,1987,-,1355,1189,2544,0,0,0,1355,1189,2544
0,MORNINGTON ISLAND,1988,-,0,0,0,0,0,0,0,0,0
0,MORNINGTON ISLAND,1989,-,0,0,0,0,0,0,0,0,0
0,MORNINGTON ISLAND,1990,-,149,156,305,0,0,0,149,156,305
0,MORNINGTON ISLAND,1991,-,2147,2066,4213,0,0,0,2147,2066,4213
0,MORNINGTON ISLAND,1992,-,2066,2028,4094,0,0,0,2066,2028,4094
0,MORNINGTON ISLAND,1993,-,2292,2217,4509,0,0,0,2292,2217,4509
0,MORNINGTON ISLAND,1994,-,2398,2416,4814,0,0,0,2398,2416,4814
0,MORNINGTON ISLAND,1995,-,2485,2396,4881,0,0,0,2485,2396,4881
0,MORNINGTON ISLAND,1996,-,2558,2584,5142,0,0,0,2558,2584,5142
0,MORNINGTON ISLAND,1997,-,2645,2702,5347,0,0,0,2645,2702,5347
0,MORNINGTON ISLAND,1998,-,2658,2732,5390,0,0,0,2658,2732,5390
0,MORNINGTON ISLAND,1999,-,2729,2781,5510,0,0,0,2729,2781,5510
0,MORNINGTON ISLAND,2000,-,2789,2794,5583,0,0,0,2789,2794,5583
0,MORNINGTON ISLAND,2001,-,2654,2600,5254,0,0,0,2654,2600,5254
0,MORNINGTON ISLAND,2002,-,2356,2291,4647,0,0,0,2356,2291,4647
0,MORNINGTON ISLAND,2003,-,2412,2326,4738,0,0,0,2412,2326,4738
0,MORNINGTON ISLAND,2004,-,2890,2794,5684,0,0,0,2890,2794,5684
0,MORNINGTON ISLAND,2005,-,2584,2638,5222,0,0,0,2584,2638,5222
0,MORNINGTON ISLAND,2006,-,3292,3285,6577,0,0,0,3292,3285,6577
0,MORNINGTON ISLAND,2007,-,3254,3240,6494,0,0,0,3254,3240,6494
0,MORNINGTON ISLAND,2008,-,4537,4304,8841,0,0,0,4537,4304,8841
0,MORNINGTON ISLAND,2009,-,547,547,1094,0,0,0,547,547,1094
0,MORNINGTON ISLAND,2010,-,2847,2944,5791,0,0,0,2847,2944,5791
0,MORNINGTON ISLAND,2011,-,5131,5121,10252,0,0,0,5131,5121,10252
0,MORNINGTON ISLAND,2012,-,5216,5072,10288,0,0,0,5216,5072,10288
0,MORNINGTON ISLAND,2013,-,4980,5070,10050,0,0,0,4980,5070,10050
0,MORNINGTON ISLAND,2014,-,4669,4668,9337,0,0,0,4669,4668,9337
0,MORNINGTON ISLAND,2015,-,4621,4625,9246,0,0,0,4621,4625,9246
0,MORNINGTON ISLAND,2016,-,3401,3475,6876,0,0,0,3401,3475,6876
0,MORNINGTON ISLAND,2017,-,4596,4492,9088,0,0,0,4596,4492,9088
0,MORNINGTON ISLAND,2018,-,5334,5278,10612,0,0,0,5334,5278,10612
1,MORUYA,1985,-,2781,2738,5519,0,0,0,2781,2738,5519
0,MORUYA,1986,-,2455,2514,4969,0,0,0,2455,2514,4969
0,MORUYA,1987,-,2234,2266,4500,0,0,0,2234,2266,4500
0,MORUYA,1988,-,2425,2532,4957,0,0,0,2425,2532,4957
0,MORUYA,1989,-,2730,2495,5225,0,0,0,2730,2495,5225
0,MORUYA,1990,-,5156,5416,10572,0,0,0,5156,5416,10572
0,MORUYA,1991,-,4212,4220,8432,0,0,0,4212,4220,8432
0,MORUYA,1992,-,4030,3777,7807,0,0,0,4030,3777,7807
0,MORUYA,1993,-,4527,4404,8931,0,0,0,4527,4404,8931
0,MORUYA,1994,-,4787,4739,9526,0,0,0,4787,4739,9526
0,MORUYA,1995,-,4852,4943,9795,0,0,0,4852,4943,9795
0,MORUYA,1996,-,4920,4907,9827,0,0,0,4920,4907,9827
0,MORUYA,1997,-,4760,4677,9437,0,0,0,4760,4677,9437
0,MORUYA,1998,-,5106,4998,10104,0,0,0,5106,4998,10104
0,MORUYA,1999,-,5126,5067,10193,0,0,0,5126,5067,10193
0,MORUYA,2000,-,5132,5176,10308,0,0,0,5132,5176,10308
0,MORUYA,2001,-,4302,4395,8697,0,0,0,4302,4395,8697
0,MORUYA,2002,-,3920,4028,7948,0,0,0,3920,4028,7948
0,MORUYA,2003,-,3848,3895,7743,0,0,0,3848,3895,7743
0,MORUYA,2004,-,7213,7117,14330,0,0,0,7213,7117,14330
0,MORUYA,2005,-,7799,7956,15755,0,0,0,7799,7956,15755
0,MORUYA,2006,-,9357,9454,18811,0,0,0,9357,9454,18811
0,MORUYA,2007,-,10729,10849,21578,0,0,0,10729,10849,21578
0,MORUYA,2008,-,10728,10500,21228,0,0,0,10728,10500,21228
0,MORUYA,2009,-,9948,9728,19676,0,0,0,9948,9728,19676
0,MORUYA,2010,-,10347,10324,20671,0,0,0,10347,10324,20671
0,MORUYA,2011,-,9350,9261,18611,0,0,0,9350,9261,18611
0,MORUYA,2012,-,9055,8969,18024,0,0,0,9055,8969,18024
0,MORUYA,2013,-,9362,9308,18670,0,0,0,9362,9308,18670
0,MORUYA,2014,-,8910,8931,17841,0,0,0,8910,8931,17841
0,MORUYA,2015,-,8755,8870,17625,0,0,0,8755,8870,17625
0,MORUYA,2016,-,9017,9078,18095,0,0,0,9017,9078,18095
0,MORUYA,2017,-,9450,9641,19091,0,0,0,9450,9641,19091
0,MORUYA,2018,-,11111,11747,22858,0,0,0,11111,11747,22858
1,MOUNT GAMBIER,1985,-,23054,22390,45444,0,0,0,23054,22390,45444
0,MOUNT GAMBIER,1986,-,14313,13997,28310,0,0,0,14313,13997,28310
0,MOUNT GAMBIER,1987,-,21090,20799,41889,0,0,0,21090,20799,41889
0,MOUNT GAMBIER,1988,-,24185,23847,48032,0,0,0,24185,23847,48032
0,MOUNT GAMBIER,1989,38,26082,25430,51512,0,0,0,26082,25430,51512
0,MOUNT GAMBIER,1990,37,26324,26069,52393,0,0,0,26324,26069,52393
0,MOUNT GAMBIER,1991,40,25830,25620,51450,0,0,0,25830,25620,51450
0,MOUNT GAMBIER,1992,-,24591,24225,48816,0,0,0,24591,24225,48816
0,MOUNT GAMBIER,1993,45,27449,27232,54681,0,0,0,27449,27232,54681
0,MOUNT GAMBIER,1994,47,29447,29434,58881,0,0,0,29447,29434,58881
0,MOUNT GAMBIER,1995,45,30553,30413,60966,0,0,0,30553,30413,60966
0,MOUNT GAMBIER,1996,45,31073,31140,62213,0,0,0,31073,31140,62213
0,MOUNT GAMBIER,1997,45,32289,32083,64372,0,0,0,32289,32083,64372
0,MOUNT GAMBIER,1998,42,34378,34362,68740,0,0,0,34378,34362,68740
0,MOUNT GAMBIER,1999,43,34850,35769,70619,0,0,0,34850,35769,70619
0,MOUNT GAMBIER,2000,41,37522,38705,76227,0,0,0,37522,38705,76227
0,MOUNT GAMBIER,2001,39,36286,36898,73184,0,0,0,36286,36898,73184
0,MOUNT GAMBIER,2002,39,33258,33162,66420,0,0,0,33258,33162,66420
0,MOUNT GAMBIER,2003,39,37542,37762,75304,0,0,0,37542,37762,75304
0,MOUNT GAMBIER,2004,38,42425,42829,85254,0,0,0,42425,42829,85254
0,MOUNT GAMBIER,2005,37,49065,49530,98595,0,0,0,49065,49530,98595
0,MOUNT GAMBIER,2006,38,52442,52935,105377,0,0,0,52442,52935,105377
0,MOUNT GAMBIER,2007,38,57278,57610,114888,0,0,0,57278,57610,114888
0,MOUNT GAMBIER,2008,43,53940,54254,108194,0,0,0,53940,54254,108194
0,MOUNT GAMBIER,2009,45,47319,47164,94483,0,0,0,47319,47164,94483
0,MOUNT GAMBIER,2010,45,48507,48585,97092,0,0,0,48507,48585,97092
0,MOUNT GAMBIER,2011,47,44633,44577,89210,0,0,0,44633,44577,89210
0,MOUNT GAMBIER,2012,51,43322,43606,86928,0,0,0,43322,43606,86928
0,MOUNT GAMBIER,2013,50,40267,40418,80685,0,0,0,40267,40418,80685
0,MOUNT GAMBIER,2014,50,38618,38900,77518,0,0,0,38618,38900,77518
0,MOUNT GAMBIER,2015,48,38777,38860,77637,0,0,0,38777,38860,77637
0,MOUNT GAMBIER,2016,49,37937,38172,76109,0,0,0,37937,38172,76109
0,MOUNT GAMBIER,2017,48,40169,40178,80347,0,0,0,40169,40178,80347
0,MOUNT GAMBIER,2018,48,40253,40272,80525,0,0,0,40253,40272,80525
1,MOUNT ISA,1985,17,104327,104815,209142,0,0,0,104327,104815,209142
0,MOUNT ISA,1986,18,105703,106588,212291,0,0,0,105703,106588,212291
0,MOUNT ISA,1987,19,100501,100279,200780,0,0,0,100501,100279,200780
0,MOUNT ISA,1988,20,87409,87419,174828,0,0,0,87409,87419,174828
0,MOUNT ISA,1989,21,50515,50359,100874,0,0,0,50515,50359,100874
0,MOUNT ISA,1990,-,21218,21712,42930,0,0,0,21218,21712,42930
0,MOUNT ISA,1991,30,39783,40558,80341,0,0,0,39783,40558,80341
0,MOUNT ISA,1992,29,43928,44582,88510,0,0,0,43928,44582,88510
0,MOUNT ISA,1993,33,40332,40707,81039,0,0,0,40332,40707,81039
0,MOUNT ISA,1994,32,45005,44917,89922,0,0,0,45005,44917,89922
0,MOUNT ISA,1995,33,48362,48661,97023,0,0,0,48362,48661,97023
0,MOUNT ISA,1996,33,50717,50768,101485,0,0,0,50717,50768,101485
0,MOUNT ISA,1997,30,55960,56041,112001,0,0,0,55960,56041,112001
0,MOUNT ISA,1998,29,63266,63601,126867,0,0,0,63266,63601,126867
0,MOUNT ISA,1999,26,71776,72558,144334,0,0,0,71776,72558,144334
0,MOUNT ISA,2000,27,66982,68081,135063,0,0,0,66982,68081,135063
0,MOUNT ISA,2001,29,55582,55442,111024,0,0,0,55582,55442,111024
0,MOUNT ISA,2002,32,45138,45837,90975,0,0,0,45138,45837,90975
0,MOUNT ISA,2003,33,46672,45222,91894,0,0,0,46672,45222,91894
0,MOUNT ISA,2004,33,53854,53302,107156,0,0,0,53854,53302,107156
0,MOUNT ISA,2005,32,60699,60303,121002,0,0,0,60699,60303,121002
0,MOUNT ISA,2006,33,72156,71351,143507,0,0,0,72156,71351,143507
0,MOUNT ISA,2007,32,85765,85640,171405,0,0,0,85765,85640,171405
0,MOUNT ISA,2008,31,94778,95723,190501,0,0,0,94778,95723,190501
0,MOUNT ISA,2009,35,79912,80651,160563,0,0,0,79912,80651,160563
0,MOUNT ISA,2010,31,100807,100473,201280,0,0,0,100807,100473,201280
0,MOUNT ISA,2011,30,113417,112544,225961,0,0,0,113417,112544,225961
0,MOUNT ISA,2012,31,126974,126767,253741,0,0,0,126974,126767,253741
0,MOUNT ISA,2013,28,127423,126783,254206,0,0,0,127423,126783,254206
0,MOUNT ISA,2014,33,114184,113971,228155,0,0,0,114184,113971,228155
0,MOUNT ISA,2015,34,97026,96961,193987,0,0,0,97026,96961,193987
0,MOUNT ISA,2016,35,90597,90926,181523,0,0,0,90597,90926,181523
0,MOUNT ISA,2017,36,95757,96302,192059,0,0,0,95757,96302,192059
0,MOUNT ISA,2018,34,100845,101391,202236,0,0,0,100845,101391,202236
1,MUDGEE,1985,-,4039,4464,8503,0,0,0,4039,4464,8503
0,MUDGEE,1986,-,4000,4017,8017,0,0,0,4000,4017,8017
0,MUDGEE,1987,-,3824,3844,7668,0,0,0,3824,3844,7668
0,MUDGEE,1988,-,2754,3202,5956,0,0,0,2754,3202,5956
0,MUDGEE,1989,-,2363,2250,4613,0,0,0,2363,2250,4613
0,MUDGEE,1990,-,2681,2545,5226,0,0,0,2681,2545,5226
0,MUDGEE,1991,-,2554,2533,5087,0,0,0,2554,2533,5087
0,MUDGEE,1992,-,2898,2810,5708,0,0,0,2898,2810,5708
0,MUDGEE,1993,-,2826,2867,5693,0,0,0,2826,2867,5693
0,MUDGEE,1994,-,2766,2673,5439,0,0,0,2766,2673,5439
0,MUDGEE,1995,-,2677,2677,5354,0,0,0,2677,2677,5354
0,MUDGEE,1996,-,3085,3086,6171,0,0,0,3085,3086,6171
0,MUDGEE,1997,-,3149,3175,6324,0,0,0,3149,3175,6324
0,MUDGEE,1998,-,2954,2985,5939,0,0,0,2954,2985,5939
0,MUDGEE,1999,-,1310,1317,2627,0,0,0,1310,1317,2627
0,MUDGEE,2000,-,1455,1477,2932,0,0,0,1455,1477,2932
0,MUDGEE,2001,-,1436,1401,2837,0,0,0,1436,1401,2837
0,MUDGEE,2002,-,1153,1233,2386,0,0,0,1153,1233,2386
0,MUDGEE,2003,-,792,799,1591,0,0,0,792,799,1591
0,MUDGEE,2004,-,862,878,1740,0,0,0,862,878,1740
0,MUDGEE,2005,-,847,903,1750,0,0,0,847,903,1750
0,MUDGEE,2006,-,3763,3908,7671,0,0,0,3763,3908,7671
0,MUDGEE,2007,-,4317,4460,8777,0,0,0,4317,4460,8777
0,MUDGEE,2008,-,4258,4442,8700,0,0,0,4258,4442,8700
0,MUDGEE,2009,-,1036,1114,2150,0,0,0,1036,1114,2150
0,MUDGEE,2010,-,4984,5010,9994,0,0,0,4984,5010,9994
0,MUDGEE,2011,-,5315,5299,10614,0,0,0,5315,5299,10614
0,MUDGEE,2012,-,6071,6156,12227,0,0,0,6071,6156,12227
0,MUDGEE,2013,-,4414,4461,8875,0,0,0,4414,4461,8875
0,MUDGEE,2014,-,0,0,0,0,0,0,0,0,0
0,MUDGEE,2015,-,2660,2870,5530,0,0,0,2660,2870,5530
0,MUDGEE,2016,-,4917,5203,10120,0,0,0,4917,5203,10120
0,MUDGEE,2017,-,4500,4687,9187,0,0,0,4500,4687,9187
0,MUDGEE,2018,-,4580,4825,9405,0,0,0,4580,4825,9405
1,NARRABRI,1985,-,14992,14728,29720,0,0,0,14992,14728,29720
0,NARRABRI,1986,-,14603,14267,28870,0,0,0,14603,14267,28870
0,NARRABRI,1987,-,13572,13274,26846,0,0,0,13572,13274,26846
0,NARRABRI,1988,-,14738,14370,29108,0,0,0,14738,14370,29108
0,NARRABRI,1989,-,8999,8764,17763,0,0,0,8999,8764,17763
0,NARRABRI,1990,-,4181,3798,7979,0,0,0,4181,3798,7979
0,NARRABRI,1991,-,3593,3165,6758,0,0,0,3593,3165,6758
0,NARRABRI,1992,-,4863,4493,9356,0,0,0,4863,4493,9356
0,NARRABRI,1993,-,4790,4602,9392,0,0,0,4790,4602,9392
0,NARRABRI,1994,-,4989,4684,9673,0,0,0,4989,4684,9673
0,NARRABRI,1995,-,5788,5506,11294,0,0,0,5788,5506,11294
0,NARRABRI,1996,-,6012,5711,11723,0,0,0,6012,5711,11723
0,NARRABRI,1997,-,6355,5938,12293,0,0,0,6355,5938,12293
0,NARRABRI,1998,-,6260,6050,12310,0,0,0,6260,6050,12310
0,NARRABRI,1999,-,6231,5878,12109,0,0,0,6231,5878,12109
0,NARRABRI,2000,-,6216,5765,11981,0,0,0,6216,5765,11981
0,NARRABRI,2001,-,6191,5678,11869,0,0,0,6191,5678,11869
0,NARRABRI,2002,-,5621,5203,10824,0,0,0,5621,5203,10824
0,NARRABRI,2003,-,5604,5187,10791,0,0,0,5604,5187,10791
0,NARRABRI,2004,-,6067,5484,11551,0,0,0,6067,5484,11551
0,NARRABRI,2005,-,6542,5758,12300,0,0,0,6542,5758,12300
0,NARRABRI,2006,-,6364,5765,12129,0,0,0,6364,5765,12129
0,NARRABRI,2007,-,7357,6735,14092,0,0,0,7357,6735,14092
0,NARRABRI,2008,-,11733,11241,22974,0,0,0,11733,11241,22974
0,NARRABRI,2009,-,7855,7619,15474,0,0,0,7855,7619,15474
0,NARRABRI,2010,-,6131,5999,12130,0,0,0,6131,5999,12130
0,NARRABRI,2011,-,9617,9462,19079,0,0,0,9617,9462,19079
0,NARRABRI,2012,-,10347,10182,20529,0,0,0,10347,10182,20529
0,NARRABRI,2013,-,6597,6331,12928,0,0,0,6597,6331,12928
0,NARRABRI,2014,-,1581,1581,3162,0,0,0,1581,1581,3162
0,NARRABRI,2015,-,0,0,0,0,0,0,0,0,0
0,NARRABRI,2016,-,0,0,0,0,0,0,0,0,0
0,NARRABRI,2017,-,2231,2182,4413,0,0,0,2231,2182,4413
0,NARRABRI,2018,-,4534,4373,8907,0,0,0,4534,4373,8907
1,NARRANDERA,1985,-,16752,16593,33345,0,0,0,16752,16593,33345
0,NARRANDERA,1986,-,17261,17321,34582,0,0,0,17261,17321,34582
0,NARRANDERA,1987,-,15737,15828,31565,0,0,0,15737,15828,31565
0,NARRANDERA,1988,-,15241,15271,30512,0,0,0,15241,15271,30512
0,NARRANDERA,1989,-,7384,7394,14778,0,0,0,7384,7394,14778
0,NARRANDERA,1990,-,2597,2704,5301,0,0,0,2597,2704,5301
0,NARRANDERA,1991,-,3924,3713,7637,0,0,0,3924,3713,7637
0,NARRANDERA,1992,-,4535,4566,9101,0,0,0,4535,4566,9101
0,NARRANDERA,1993,-,5514,4970,10484,0,0,0,5514,4970,10484
0,NARRANDERA,1994,-,5920,5596,11516,0,0,0,5920,5596,11516
0,NARRANDERA,1995,-,5181,4861,10042,0,0,0,5181,4861,10042
0,NARRANDERA,1996,-,5638,5286,10924,0,0,0,5638,5286,10924
0,NARRANDERA,1997,-,5810,5120,10930,0,0,0,5810,5120,10930
0,NARRANDERA,1998,-,6780,6332,13112,0,0,0,6780,6332,13112
0,NARRANDERA,1999,-,5906,5707,11613,0,0,0,5906,5707,11613
0,NARRANDERA,2000,-,6068,5618,11686,0,0,0,6068,5618,11686
0,NARRANDERA,2001,-,4158,4010,8168,0,0,0,4158,4010,8168
0,NARRANDERA,2002,-,4126,3876,8002,0,0,0,4126,3876,8002
0,NARRANDERA,2003,-,4878,4429,9307,0,0,0,4878,4429,9307
0,NARRANDERA,2004,-,5920,5418,11338,0,0,0,5920,5418,11338
0,NARRANDERA,2005,-,7269,7283,14552,0,0,0,7269,7283,14552
0,NARRANDERA,2006,-,8273,8184,16457,0,0,0,8273,8184,16457
0,NARRANDERA,2007,-,8561,8283,16844,0,0,0,8561,8283,16844
0,NARRANDERA,2008,-,7974,7735,15709,0,0,0,7974,7735,15709
0,NARRANDERA,2009,-,6424,6151,12575,0,0,0,6424,6151,12575
0,NARRANDERA,2010,-,6516,6181,12697,0,0,0,6516,6181,12697
0,NARRANDERA,2011,-,6132,5878,12010,0,0,0,6132,5878,12010
0,NARRANDERA,2012,-,6122,5828,11950,0,0,0,6122,5828,11950
0,NARRANDERA,2013,-,6158,5960,12118,0,0,0,6158,5960,12118
0,NARRANDERA,2014,-,6322,5983,12305,0,0,0,6322,5983,12305
0,NARRANDERA,2015,-,6338,6106,12444,0,0,0,6338,6106,12444
0,NARRANDERA,2016,-,6730,6462,13192,0,0,0,6730,6462,13192
0,NARRANDERA,2017,-,6478,6220,12698,0,0,0,6478,6220,12698
0,NARRANDERA,2018,-,6511,6505,13016,0,0,0,6511,6505,13016
1,NEWCASTLE,1985,22,68878,69362,138240,0,0,0,68878,69362,138240
0,NEWCASTLE,1986,24,48710,48656,97366,0,0,0,48710,48656,97366
0,NEWCASTLE,1987,37,33523,33531,67054,0,0,0,33523,33531,67054
0,NEWCASTLE,1988,35,35829,36472,72301,0,0,0,35829,36472,72301
0,NEWCASTLE,1989,-,20067,20099,40166,0,0,0,20067,20099,40166
0,NEWCASTLE,1990,-,24644,22728,47372,0,0,0,24644,22728,47372
0,NEWCASTLE,1991,39,27231,26395,53626,0,0,0,27231,26395,53626
0,NEWCASTLE,1992,38,31324,31205,62529,0,0,0,31324,31205,62529
0,NEWCASTLE,1993,29,45635,44902,90537,0,0,0,45635,44902,90537
0,NEWCASTLE,1994,28,52391,51665,104056,0,0,0,52391,51665,104056
0,NEWCASTLE,1995,27,59890,60231,120121,0,0,0,59890,60231,120121
0,NEWCASTLE,1996,32,52547,52869,105416,0,0,0,52547,52869,105416
0,NEWCASTLE,1997,28,60567,60489,121056,0,0,0,60567,60489,121056
0,NEWCASTLE,1998,25,69464,69558,139022,0,0,0,69464,69558,139022
0,NEWCASTLE,1999,24,78483,79698,158181,0,0,0,78483,79698,158181
0,NEWCASTLE,2000,20,114752,116360,231112,0,0,0,114752,116360,231112
0,NEWCASTLE,2001,19,107018,108392,215410,493,561,1054,107511,108953,216464
0,NEWCASTLE,2002,19,98421,98515,196936,4876,4631,9507,103297,103146,206443
0,NEWCASTLE,2003,20,111290,109885,221175,0,0,0,111290,109885,221175
0,NEWCASTLE,2004,17,234285,228578,462863,0,0,0,234285,228578,462863
0,NEWCASTLE,2005,14,381858,378804,760662,0,0,0,381858,378804,760662
0,NEWCASTLE,2006,13,448942,443779,892721,0,0,0,448942,443779,892721
0,NEWCASTLE,2007,13,503696,501639,1005335,0,0,0,503696,501639,1005335
0,NEWCASTLE,2008,12,576999,570284,1147283,0,0,0,576999,570284,1147283
0,NEWCASTLE,2009,12,575543,562194,1137737,0,0,0,575543,562194,1137737
0,NEWCASTLE,2010,12,596448,589519,1185967,0,0,0,596448,589519,1185967
0,NEWCASTLE,2011,12,595108,596051,1191159,0,0,0,595108,596051,1191159
0,NEWCASTLE,2012,12,591211,593212,1184423,0,0,0,591211,593212,1184423
0,NEWCASTLE,2013,13,602176,604341,1206517,0,0,0,602176,604341,1206517
0,NEWCASTLE,2014,13,582901,585642,1168543,0,0,0,582901,585642,1168543
0,NEWCASTLE,2015,13,574095,576579,1150674,0,0,0,574095,576579,1150674
0,NEWCASTLE,2016,13,603967,607145,1211112,0,0,0,603967,607145,1211112
0,NEWCASTLE,2017,13,632381,632930,1265311,0,0,0,632381,632930,1265311
0,NEWCASTLE,2018,13,624827,626302,1251129,1299,1441,2740,626126,627743,1253869
1,NEWMAN,1985,36,36292,36623,72915,0,0,0,36292,36623,72915
0,NEWMAN,1986,44,31658,31456,63114,0,0,0,31658,31456,63114
0,NEWMAN,1987,39,31892,31914,63806,0,0,0,31892,31914,63806
0,NEWMAN,1988,33,37206,37323,74529,0,0,0,37206,37323,74529
0,NEWMAN,1989,37,26462,26210,52672,0,0,0,26462,26210,52672
0,NEWMAN,1990,30,38668,38612,77280,0,0,0,38668,38612,77280
0,NEWMAN,1991,34,33490,33131,66621,0,0,0,33490,33131,66621
0,NEWMAN,1992,34,36555,36473,73028,0,0,0,36555,36473,73028
0,NEWMAN,1993,35,38236,38131,76367,0,0,0,38236,38131,76367
0,NEWMAN,1994,40,36863,36611,73474,0,0,0,36863,36611,73474
0,NEWMAN,1995,41,36334,36108,72442,0,0,0,36334,36108,72442
0,NEWMAN,1996,-,23840,23228,47068,0,0,0,23840,23228,47068
0,NEWMAN,1997,-,18926,18787,37713,0,0,0,18926,18787,37713
0,NEWMAN,1998,-,21766,21506,43272,0,0,0,21766,21506,43272
0,NEWMAN,1999,-,17367,17621,34988,0,0,0,17367,17621,34988
0,NEWMAN,2000,-,18840,18667,37507,0,0,0,18840,18667,37507
0,NEWMAN,2001,-,21220,21169,42389,0,0,0,21220,21169,42389
0,NEWMAN,2002,43,27974,28398,56372,0,0,0,27974,28398,56372
0,NEWMAN,2003,41,31076,30977,62053,0,0,0,31076,30977,62053
0,NEWMAN,2004,43,33809,33327,67136,0,0,0,33809,33327,67136
0,NEWMAN,2005,42,43721,42833,86554,0,0,0,43721,42833,86554
0,NEWMAN,2006,37,55419,54697,110116,0,0,0,55419,54697,110116
0,NEWMAN,2007,36,62367,62384,124751,0,0,0,62367,62384,124751
0,NEWMAN,2008,35,77428,77964,155392,0,0,0,77428,77964,155392
0,NEWMAN,2009,31,91470,89263,180733,0,0,0,91470,89263,180733
0,NEWMAN,2010,32,100295,100796,201091,0,0,0,100295,100796,201091
0,NEWMAN,2011,28,124839,126717,251556,0,0,0,124839,126717,251556
0,NEWMAN,2012,23,186167,187337,373504,0,0,0,186167,187337,373504
0,NEWMAN,2013,22,223970,226220,450190,0,0,0,223970,226220,450190
0,NEWMAN,2014,24,181805,189055,370860,0,0,0,181805,189055,370860
0,NEWMAN,2015,25,160104,171144,331248,0,0,0,160104,171144,331248
0,NEWMAN,2016,27,150011,159349,309360,0,0,0,150011,159349,309360
0,NEWMAN,2017,26,138682,146951,285633,0,0,0,138682,146951,285633
0,NEWMAN,2018,26,148935,157221,306156,0,0,0,148935,157221,306156
1,NORFOLK ISLAND,1985,42,21442,21840,43282,7752,7384,15136,29194,29224,58418
0,NORFOLK ISLAND,1986,43,21878,22266,44144,9751,9596,19347,31629,31862,63491
0,NORFOLK ISLAND,1987,42,20027,20382,40409,10556,10291,20847,30583,30673,61256
0,NORFOLK ISLAND,1988,41,18308,18508,36816,12439,12467,24906,30747,30975,61722
0,NORFOLK ISLAND,1989,36,13846,15213,29059,12467,12349,24816,26313,27562,53875
0,NORFOLK ISLAND,1990,36,16155,16068,32223,11232,10987,22219,27387,27055,54442
0,NORFOLK ISLAND,1991,37,19099,18872,37971,10491,10704,21195,29590,29576,59166
0,NORFOLK ISLAND,1992,39,20354,20866,41220,8867,8996,17863,29221,29862,59083
0,NORFOLK ISLAND,1993,47,18337,18365,36702,8006,8099,16105,26343,26464,52807
0,NORFOLK ISLAND,1994,45,22170,22249,44419,8001,7905,15906,30171,30154,60325
0,NORFOLK ISLAND,1995,46,21915,21697,43612,7847,7829,15676,29762,29526,59288
0,NORFOLK ISLAND,1996,44,24520,24039,48559,7413,7384,14797,31933,31423,63356
0,NORFOLK ISLAND,1997,41,26102,25919,52021,8028,8148,16176,34130,34067,68197
0,NORFOLK ISLAND,1998,44,25581,25217,50798,7952,7752,15704,33533,32969,66502
0,NORFOLK ISLAND,1999,40,30959,30508,61467,7543,7530,15073,38502,38038,76540
0,NORFOLK ISLAND,2000,39,33759,33614,67373,7040,7033,14073,40799,40647,81446
0,NORFOLK ISLAND,2001,38,28295,28661,56956,8306,8061,16367,36601,36722,73323
0,NORFOLK ISLAND,2002,41,23351,23405,46756,7924,7967,15891,31275,31372,62647
0,NORFOLK ISLAND,2003,36,33842,34698,68540,7777,7475,15252,41619,42173,83792
0,NORFOLK ISLAND,2004,40,29261,28937,58198,9586,9627,19213,38847,38564,77411
0,NORFOLK ISLAND,2005,48,21556,22229,43785,9812,9867,19679,31368,32096,63464
0,NORFOLK ISLAND,2006,48,25117,25034,50151,9429,9737,19166,34546,34771,69317
0,NORFOLK ISLAND,2007,49,28980,28256,57236,8615,8662,17277,37595,36918,74513
0,NORFOLK ISLAND,2008,50,29006,25831,54837,7125,7286,14411,36131,33117,69248
0,NORFOLK ISLAND,2009,49,26529,26406,52935,5491,5603,11094,32020,32009,64029
0,NORFOLK ISLAND,2010,53,24598,24506,49104,4970,5039,10009,29568,29545,59113
0,NORFOLK ISLAND,2011,58,25649,25829,51478,5033,5080,10113,30682,30909,61591
0,NORFOLK ISLAND,2012,59,21657,21821,43478,5049,5040,10089,26706,26861,53567
0,NORFOLK ISLAND,2013,59,22495,22505,45000,5625,5679,11304,28120,28184,56304
0,NORFOLK ISLAND,2014,57,23409,23374,46783,5640,5695,11335,29049,29069,58118
0,NORFOLK ISLAND,2015,54,25159,25142,50301,6008,5833,11841,31167,30975,62142
0,NORFOLK ISLAND,2016,53,27167,27192,54359,4937,4958,9895,32104,32150,64254
0,NORFOLK ISLAND,2017,56,28935,28639,57574,2343,2457,4800,31278,31096,62374
0,NORFOLK ISLAND,2018,59,30289,30397,60686,0,0,0,30289,30397,60686
1,OLYMPIC DAM,1985,-,1697,1701,3398,0,0,0,1697,1701,3398
0,OLYMPIC DAM,1986,-,2840,2933,5773,0,0,0,2840,2933,5773
0,OLYMPIC DAM,1987,-,8928,8796,17724,0,0,0,8928,8796,17724
0,OLYMPIC DAM,1988,-,8958,8911,17869,0,0,0,8958,8911,17869
0,OLYMPIC DAM,1989,-,4324,4690,9014,0,0,0,4324,4690,9014
0,OLYMPIC DAM,1990,-,2896,3038,5934,0,0,0,2896,3038,5934
0,OLYMPIC DAM,1991,-,2798,2941,5739,0,0,0,2798,2941,5739
0,OLYMPIC DAM,1992,-,2896,2989,5885,0,0,0,2896,2989,5885
0,OLYMPIC DAM,1993,-,3517,3797,7314,0,0,0,3517,3797,7314
0,OLYMPIC DAM,1994,-,5215,5423,10638,0,0,0,5215,5423,10638
0,OLYMPIC DAM,1995,-,6117,6311,12428,0,0,0,6117,6311,12428
0,OLYMPIC DAM,1996,-,6712,6852,13564,0,0,0,6712,6852,13564
0,OLYMPIC DAM,1997,-,15948,15374,31322,0,0,0,15948,15374,31322
0,OLYMPIC DAM,1998,-,17043,16879,33922,0,0,0,17043,16879,33922
0,OLYMPIC DAM,1999,-,12875,12859,25734,0,0,0,12875,12859,25734
0,OLYMPIC DAM,2000,-,11046,11039,22085,0,0,0,11046,11039,22085
0,OLYMPIC DAM,2001,-,10125,10119,20244,0,0,0,10125,10119,20244
0,OLYMPIC DAM,2002,-,10915,10773,21688,0,0,0,10915,10773,21688
0,OLYMPIC DAM,2003,-,13868,13957,27825,0,0,0,13868,13957,27825
0,OLYMPIC DAM,2004,-,12117,12229,24346,0,0,0,12117,12229,24346
0,OLYMPIC DAM,2005,-,15504,15588,31092,0,0,0,15504,15588,31092
0,OLYMPIC DAM,2006,-,23586,23687,47273,0,0,0,23586,23687,47273
0,OLYMPIC DAM,2007,53,31561,31808,63369,0,0,0,31561,31808,63369
0,OLYMPIC DAM,2008,47,42438,42053,84491,0,0,0,42438,42053,84491
0,OLYMPIC DAM,2009,50,32987,30885,63872,0,0,0,32987,30885,63872
0,OLYMPIC DAM,2010,52,31947,31468,63415,0,0,0,31947,31468,63415
0,OLYMPIC DAM,2011,48,39582,41150,80732,0,0,0,39582,41150,80732
0,OLYMPIC DAM,2012,48,47132,45924,93056,0,0,0,47132,45924,93056
0,OLYMPIC DAM,2013,51,38224,38785,77009,0,0,0,38224,38785,77009
0,OLYMPIC DAM,2014,51,38495,38084,76579,0,0,0,38495,38084,76579
0,OLYMPIC DAM,2015,52,31717,32163,63880,0,0,0,31717,32163,63880
0,OLYMPIC DAM,2016,61,25606,25483,51089,0,0,0,25606,25483,51089
0,OLYMPIC DAM,2017,52,34746,34897,69643,0,0,0,34746,34897,69643
0,OLYMPIC DAM,2018,53,37332,37468,74800,0,0,0,37332,37468,74800
1,ORANGE,1985,-,13092,12687,25779,0,0,0,13092,12687,25779
0,ORANGE,1986,-,13415,11323,24738,0,0,0,13415,11323,24738
0,ORANGE,1987,-,13982,13993,27975,0,0,0,13982,13993,27975
0,ORANGE,1988,-,13528,13735,27263,0,0,0,13528,13735,27263
0,ORANGE,1989,-,11216,11308,22524,0,0,0,11216,11308,22524
0,ORANGE,1990,-,14210,14470,28680,0,0,0,14210,14470,28680
0,ORANGE,1991,-,11243,11900,23143,0,0,0,11243,11900,23143
0,ORANGE,1992,-,13812,14128,27940,0,0,0,13812,14128,27940
0,ORANGE,1993,-,14698,14126,28824,0,0,0,14698,14126,28824
0,ORANGE,1994,-,16798,16399,33197,0,0,0,16798,16399,33197
0,ORANGE,1995,-,16947,17076,34023,0,0,0,16947,17076,34023
0,ORANGE,1996,-,18160,18404,36564,0,0,0,18160,18404,36564
0,ORANGE,1997,-,21856,22087,43943,0,0,0,21856,22087,43943
0,ORANGE,1998,-,23808,23733,47541,0,0,0,23808,23733,47541
0,ORANGE,1999,-,23458,23963,47421,0,0,0,23458,23963,47421
0,ORANGE,2000,46,25047,25534,50581,0,0,0,25047,25534,50581
0,ORANGE,2001,-,21773,22115,43888,0,0,0,21773,22115,43888
0,ORANGE,2002,-,19290,19536,38826,0,0,0,19290,19536,38826
0,ORANGE,2003,-,20387,20752,41139,0,0,0,20387,20752,41139
0,ORANGE,2004,48,28013,28157,56170,0,0,0,28013,28157,56170
0,ORANGE,2005,52,27902,28229,56131,0,0,0,27902,28229,56131
0,ORANGE,2006,54,28503,28975,57478,0,0,0,28503,28975,57478
0,ORANGE,2007,56,29841,29917,59758,0,0,0,29841,29917,59758
0,ORANGE,2008,58,29241,28970,58211,0,0,0,29241,28970,58211
0,ORANGE,2009,58,26258,26270,52528,0,0,0,26258,26270,52528
0,ORANGE,2010,54,28501,28435,56936,0,0,0,28501,28435,56936
0,ORANGE,2011,57,30811,31132,61943,0,0,0,30811,31132,61943
0,ORANGE,2012,57,29808,29853,59661,0,0,0,29808,29853,59661
0,ORANGE,2013,58,29199,29005,58204,0,0,0,29199,29005,58204
0,ORANGE,2014,-,24609,24661,49270,0,0,0,24609,24661,49270
0,ORANGE,2015,-,24214,24365,48579,0,0,0,24214,24365,48579
0,ORANGE,2016,60,26065,26084,52149,0,0,0,26065,26084,52149
0,ORANGE,2017,55,31710,31985,63695,0,0,0,31710,31985,63695
0,ORANGE,2018,51,38632,38001,76633,0,0,0,38632,38001,76633
1,PALM ISLAND,1985,-,9239,8416,17655,0,0,0,9239,8416,17655
0,PALM ISLAND,1986,-,7500,7686,15186,0,0,0,7500,7686,15186
0,PALM ISLAND,1987,-,5360,5710,11070,0,0,0,5360,5710,11070
0,PALM ISLAND,1988,-,0,0,0,0,0,0,0,0,0
0,PALM ISLAND,1989,-,0,0,0,0,0,0,0,0,0
0,PALM ISLAND,1990,-,0,0,0,0,0,0,0,0,0
0,PALM ISLAND,1991,-,0,0,0,0,0,0,0,0,0
0,PALM ISLAND,1992,-,0,0,0,0,0,0,0,0,0
0,PALM ISLAND,1993,-,0,0,0,0,0,0,0,0,0
0,PALM ISLAND,1994,-,0,0,0,0,0,0,0,0,0
0,PALM ISLAND,1995,-,0,0,0,0,0,0,0,0,0
0,PALM ISLAND,1996,-,0,0,0,0,0,0,0,0,0
0,PALM ISLAND,1997,-,0,0,0,0,0,0,0,0,0
0,PALM ISLAND,1998,-,0,0,0,0,0,0,0,0,0
0,PALM ISLAND,1999,-,0,0,0,0,0,0,0,0,0
0,PALM ISLAND,2000,-,0,0,0,0,0,0,0,0,0
0,PALM ISLAND,2001,-,0,0,0,0,0,0,0,0,0
0,PALM ISLAND,2002,-,3587,3588,7175,0,0,0,3587,3588,7175
0,PALM ISLAND,2003,-,11930,11938,23868,0,0,0,11930,11938,23868
0,PALM ISLAND,2004,-,13630,13628,27258,0,0,0,13630,13628,27258
0,PALM ISLAND,2005,-,20715,20753,41468,0,0,0,20715,20753,41468
0,PALM ISLAND,2006,-,18675,19016,37691,0,0,0,18675,19016,37691
0,PALM ISLAND,2007,-,14301,14363,28664,0,0,0,14301,14363,28664
0,PALM ISLAND,2008,-,11966,12103,24069,0,0,0,11966,12103,24069
0,PALM ISLAND,2009,-,9599,10230,19829,0,0,0,9599,10230,19829
0,PALM ISLAND,2010,-,11663,12365,24028,0,0,0,11663,12365,24028
0,PALM ISLAND,2011,-,12781,13714,26495,0,0,0,12781,13714,26495
0,PALM ISLAND,2012,-,13441,14393,27834,0,0,0,13441,14393,27834
0,PALM ISLAND,2013,-,12561,13498,26059,0,0,0,12561,13498,26059
0,PALM ISLAND,2014,-,11401,12564,23965,0,0,0,11401,12564,23965
0,PALM ISLAND,2015,-,11356,13010,24366,0,0,0,11356,13010,24366
0,PALM ISLAND,2016,-,11332,13274,24606,0,0,0,11332,13274,24606
0,PALM ISLAND,2017,-,11979,13632,25611,0,0,0,11979,13632,25611
0,PALM ISLAND,2018,-,13192,14680,27872,0,0,0,13192,14680,27872
1,PARABURDOO,1985,-,23909,24298,48207,0,0,0,23909,24298,48207
0,PARABURDOO,1986,-,24840,24870,49710,0,0,0,24840,24870,49710
0,PARABURDOO,1987,-,22906,23185,46091,0,0,0,22906,23185,46091
0,PARABURDOO,1988,43,25560,25348,50908,0,0,0,25560,25348,50908
0,PARABURDOO,1989,-,20923,20292,41215,0,0,0,20923,20292,41215
0,PARABURDOO,1990,-,23116,22863,45979,0,0,0,23116,22863,45979
0,PARABURDOO,1991,-,25025,24814,49839,0,0,0,25025,24814,49839
0,PARABURDOO,1992,41,27122,27248,54370,0,0,0,27122,27248,54370
0,PARABURDOO,1993,44,27659,27880,55539,0,0,0,27659,27880,55539
0,PARABURDOO,1994,46,29584,29505,59089,0,0,0,29584,29505,59089
0,PARABURDOO,1995,44,31035,30835,61870,0,0,0,31035,30835,61870
0,PARABURDOO,1996,-,21978,21586,43564,0,0,0,21978,21586,43564
0,PARABURDOO,1997,-,19577,19643,39220,0,0,0,19577,19643,39220
0,PARABURDOO,1998,-,19142,19402,38544,0,0,0,19142,19402,38544
0,PARABURDOO,1999,-,18866,18933,37799,0,0,0,18866,18933,37799
0,PARABURDOO,2000,-,19244,18948,38192,0,0,0,19244,18948,38192
0,PARABURDOO,2001,-,20851,20552,41403,0,0,0,20851,20552,41403
0,PARABURDOO,2002,45,26510,26458,52968,0,0,0,26510,26458,52968
0,PARABURDOO,2003,42,30676,30307,60983,0,0,0,30676,30307,60983
0,PARABURDOO,2004,47,31715,31757,63472,0,0,0,31715,31757,63472
0,PARABURDOO,2005,45,39635,39517,79152,0,0,0,39635,39517,79152
0,PARABURDOO,2006,40,48244,48171,96415,0,0,0,48244,48171,96415
0,PARABURDOO,2007,40,52382,52568,104950,0,0,0,52382,52568,104950
0,PARABURDOO,2008,38,64457,65138,129595,0,0,0,64457,65138,129595
0,PARABURDOO,2009,37,63608,64087,127695,0,0,0,63608,64087,127695
0,PARABURDOO,2010,36,87065,88509,175574,0,0,0,87065,88509,175574
0,PARABURDOO,2011,29,123503,123121,246624,0,0,0,123503,123121,246624
0,PARABURDOO,2012,26,150516,150667,301183,0,0,0,150516,150667,301183
0,PARABURDOO,2013,32,115836,116457,232293,0,0,0,115836,116457,232293
0,PARABURDOO,2014,36,96674,96617,193291,0,0,0,96674,96617,193291
0,PARABURDOO,2015,37,82829,84284,167113,0,0,0,82829,84284,167113
0,PARABURDOO,2016,40,81431,82679,164110,0,0,0,81431,82679,164110
0,PARABURDOO,2017,40,82481,83653,166134,0,0,0,82481,83653,166134
0,PARABURDOO,2018,37,88741,89466,178207,0,0,0,88741,89466,178207
1,PARKES,1985,-,4116,4120,8236,0,0,0,4116,4120,8236
0,PARKES,1986,-,3650,3652,7302,0,0,0,3650,3652,7302
0,PARKES,1987,-,3792,3793,7585,0,0,0,3792,3793,7585
0,PARKES,1988,-,3778,3747,7525,0,0,0,3778,3747,7525
0,PARKES,1989,-,2842,2781,5623,0,0,0,2842,2781,5623
0,PARKES,1990,-,3063,3069,6132,0,0,0,3063,3069,6132
0,PARKES,1991,-,3303,3136,6439,0,0,0,3303,3136,6439
0,PARKES,1992,-,3393,3630,7023,0,0,0,3393,3630,7023
0,PARKES,1993,-,4698,4879,9577,0,0,0,4698,4879,9577
0,PARKES,1994,-,6285,6628,12913,0,0,0,6285,6628,12913
0,PARKES,1995,-,7719,7617,15336,0,0,0,7719,7617,15336
0,PARKES,1996,-,8604,8632,17236,0,0,0,8604,8632,17236
0,PARKES,1997,-,7623,7476,15099,0,0,0,7623,7476,15099
0,PARKES,1998,-,7717,7701,15418,0,0,0,7717,7701,15418
0,PARKES,1999,-,6679,6665,13344,0,0,0,6679,6665,13344
0,PARKES,2000,-,6635,6659,13294,0,0,0,6635,6659,13294
0,PARKES,2001,-,6143,5924,12067,0,0,0,6143,5924,12067
0,PARKES,2002,-,5803,5530,11333,0,0,0,5803,5530,11333
0,PARKES,2003,-,6727,6718,13445,0,0,0,6727,6718,13445
0,PARKES,2004,-,9591,9555,19146,0,0,0,9591,9555,19146
0,PARKES,2005,-,12652,12665,25317,0,0,0,12652,12665,25317
0,PARKES,2006,-,15247,15370,30617,0,0,0,15247,15370,30617
0,PARKES,2007,-,16712,16616,33328,0,0,0,16712,16616,33328
0,PARKES,2008,-,17102,17130,34232,0,0,0,17102,17130,34232
0,PARKES,2009,-,14110,14243,28353,0,0,0,14110,14243,28353
0,PARKES,2010,-,15731,15931,31662,0,0,0,15731,15931,31662
0,PARKES,2011,-,15845,15845,31690,0,0,0,15845,15845,31690
0,PARKES,2012,-,15088,15223,30311,0,0,0,15088,15223,30311
0,PARKES,2013,-,12886,13219,26105,0,0,0,12886,13219,26105
0,PARKES,2014,-,12391,12587,24978,0,0,0,12391,12587,24978
0,PARKES,2015,-,13128,13198,26326,0,0,0,13128,13198,26326
0,PARKES,2016,-,14137,14085,28222,0,0,0,14137,14085,28222
0,PARKES,2017,-,13960,14014,27974,0,0,0,13960,14014,27974
0,PARKES,2018,-,17064,17216,34280,0,0,0,17064,17216,34280
1,PERTH,1985,5,680950,676671,1357621,255255,245627,500882,936205,922298,1858503
0,PERTH,1986,5,723991,714521,1438512,292750,273616,566366,1016741,988137,2004878
0,PERTH,1987,4,764782,771382,1536164,331653,317546,649199,1096435,1088928,2185363
0,PERTH,1988,5,788259,791765,1580024,370072,344039,714111,1158331,1135804,2294135
0,PERTH,1989,4,618619,624374,1242993,414425,397329,811754,1033044,1021703,2054747
0,PERTH,1990,4,748004,750284,1498288,439326,421490,860816,1187330,1171774,2359104
0,PERTH,1991,4,1016847,1025879,2042726,422103,402069,824172,1438950,1427948,2866898
0,PERTH,1992,5,1002085,1010394,2012479,456933,440357,897290,1459018,1450751,2909769
0,PERTH,1993,4,1097623,1103531,2201154,512975,487894,1000869,1610598,1591425,3202023
0,PERTH,1994,4,1262179,1270077,2532256,574545,546501,1121046,1836724,1816578,3653302
0,PERTH,1995,4,1384627,1399061,2783688,609320,581517,1190837,1993947,1980578,3974525
0,PERTH,1996,4,1526525,1539807,3066332,659886,632241,1292127,2186411,2172048,4358459
0,PERTH,1997,4,1565892,1587103,3152995,714035,685479,1399514,2279927,2272582,4552509
0,PERTH,1998,4,1611197,1624327,3235524,733584,700493,1434077,2344781,2324820,4669601
0,PERTH,1999,4,1614352,1642735,3257087,755114,719784,1474898,2369466,2362519,4731985
0,PERTH,2000,4,1728932,1734190,3463122,810998,769624,1580622,2539930,2503814,5043744
0,PERTH,2001,4,1662012,1679791,3341803,814035,773344,1587379,2476047,2453135,4929182
0,PERTH,2002,4,1668292,1703023,3371315,837755,798667,1636422,2506047,2501690,5007737
0,PERTH,2003,4,1934347,1958276,3892623,817616,769006,1586622,2751963,2727282,5479245
0,PERTH,2004,4,2216159,2221132,4437291,930693,896696,1827389,3146852,3117828,6264680
0,PERTH,2005,4,2375422,2379250,4754672,1022241,984784,2007025,3397663,3364034,6761697
0,PERTH,2006,4,2705021,2724849,5429870,1042765,992112,2034877,3747786,3716961,7464747
0,PERTH,2007,4,3040097,3065149,6105246,1212943,1160625,2373568,4253040,4225774,8478814
0,PERTH,2008,4,3346848,3358332,6705180,1299846,1233176,2533022,4646694,4591508,9238202
0,PERTH,2009,4,3415365,3425672,6841037,1411683,1363054,2774737,4827048,4788726,9615774
0,PERTH,2010,4,3666157,3653696,7319853,1579445,1554264,3133709,5245602,5207960,10453562
0,PERTH,2011,4,4012703,4003329,8016032,1696939,1652529,3349468,5709642,5655858,11365500
0,PERTH,2012,4,4500495,4499076,8999571,1831576,1787192,3618768,6332071,6286268,12618339
0,PERTH,2013,4,4487326,4494546,8981872,1981237,1938603,3919840,6468563,6433149,12901712
0,PERTH,2014,4,4367566,4390953,8758519,2116598,2063809,4180407,6484164,6454762,12938926
0,PERTH,2015,4,4200070,4201462,8401532,2116736,2076097,4192833,6316806,6277559,12594365
0,PERTH,2016,4,4048286,4077200,8125486,2214255,2164920,4379175,6262541,6242120,12504661
0,PERTH,2017,4,3980708,4004317,7985025,2218252,2167215,4385467,6198960,6171532,12370492
0,PERTH,2018,4,4057923,4053972,8111895,2198586,2167385,4365971,6256509,6221357,12477866
1,PORT HEDLAND,1985,20,84735,86291,171026,1967,2123,4090,86702,88414,175116
0,PORT HEDLAND,1986,20,85822,87165,172987,2133,2028,4161,87955,89193,177148
0,PORT HEDLAND,1987,20,80857,81533,162390,2546,2569,5115,83403,84102,167505
0,PORT HEDLAND,1988,21,74245,75062,149307,2952,2947,5899,77197,78009,155206
0,PORT HEDLAND,1989,20,52927,52758,105685,2240,2526,4766,55167,55284,110451
0,PORT HEDLAND,1990,19,65280,66572,131852,2325,2624,4949,67605,69196,136801
0,PORT HEDLAND,1991,19,63553,64935,128488,2306,2668,4974,65859,67603,133462
0,PORT HEDLAND,1992,20,60699,62895,123594,2583,2593,5176,63282,65488,128770
0,PORT HEDLAND,1993,21,67817,68541,136358,2154,2301,4455,69971,70842,140813
0,PORT HEDLAND,1994,22,74223,75277,149500,1114,1188,2302,75337,76465,151802
0,PORT HEDLAND,1995,24,73544,73230,146774,541,726,1267,74085,73956,148041
0,PORT HEDLAND,1996,27,57582,57696,115278,756,780,1536,58338,58476,116814
0,PORT HEDLAND,1997,27,62068,62396,124464,1531,1678,3209,63599,64074,127673
0,PORT HEDLAND,1998,28,62355,62845,125200,2252,2146,4398,64607,64991,129598
0,PORT HEDLAND,1999,35,45658,46145,91803,1493,1476,2969,47151,47621,94772
0,PORT HEDLAND,2000,40,40361,40671,81032,0,0,0,40361,40671,81032
0,PORT HEDLAND,2001,37,37777,37772,75549,0,0,0,37777,37772,75549
0,PORT HEDLAND,2002,37,35997,36080,72077,0,0,0,35997,36080,72077
0,PORT HEDLAND,2003,35,43025,42920,85945,0,0,0,43025,42920,85945
0,PORT HEDLAND,2004,35,47929,48276,96205,0,0,0,47929,48276,96205
0,PORT HEDLAND,2005,33,53925,54364,108289,0,0,0,53925,54364,108289
0,PORT HEDLAND,2006,34,67810,69471,137281,0,0,0,67810,69471,137281
0,PORT HEDLAND,2007,31,91014,89315,180329,0,0,0,91014,89315,180329
0,PORT HEDLAND,2008,29,102684,103428,206112,0,0,0,102684,103428,206112
0,PORT HEDLAND,2009,25,119438,119068,238506,0,0,0,119438,119068,238506
0,PORT HEDLAND,2010,21,170408,171957,342365,1386,1653,3039,171794,173610,345404
0,PORT HEDLAND,2011,21,198751,199776,398527,783,703,1486,199534,200479,400013
0,PORT HEDLAND,2012,19,265667,267496,533163,0,0,0,265667,267496,533163
0,PORT HEDLAND,2013,20,240554,242987,483541,0,0,0,240554,242987,483541
0,PORT HEDLAND,2014,19,257604,258743,516347,0,0,0,257604,258743,516347
0,PORT HEDLAND,2015,21,205870,208669,414539,2492,2821,5313,208362,211490,419852
0,PORT HEDLAND,2016,23,176390,179113,355503,4297,4224,8521,180687,183337,364024
0,PORT HEDLAND,2017,25,173027,173931,346958,3620,3719,7339,176647,177650,354297
0,PORT HEDLAND,2018,25,184548,186765,371313,4215,4259,8474,188763,191024,379787
1,PORT LINCOLN,1985,26,44632,45501,90133,0,0,0,44632,45501,90133
0,PORT LINCOLN,1986,31,41247,41847,83094,0,0,0,41247,41847,83094
0,PORT LINCOLN,1987,36,33946,33769,67715,0,0,0,33946,33769,67715
0,PORT LINCOLN,1988,36,35364,35266,70630,0,0,0,35364,35266,70630
0,PORT LINCOLN,1989,27,36898,37557,74455,0,0,0,36898,37557,74455
0,PORT LINCOLN,1990,33,34643,35267,69910,0,0,0,34643,35267,69910
0,PORT LINCOLN,1991,32,36175,36620,72795,0,0,0,36175,36620,72795
0,PORT LINCOLN,1992,33,38686,39217,77903,0,0,0,38686,39217,77903
0,PORT LINCOLN,1993,31,42306,42487,84793,0,0,0,42306,42487,84793
0,PORT LINCOLN,1994,34,43394,43942,87336,0,0,0,43394,43942,87336
0,PORT LINCOLN,1995,35,43137,43523,86660,0,0,0,43137,43523,86660
0,PORT LINCOLN,1996,35,46211,46844,93055,0,0,0,46211,46844,93055
0,PORT LINCOLN,1997,34,47785,48454,96239,0,0,0,47785,48454,96239
0,PORT LINCOLN,1998,35,48525,49270,97795,0,0,0,48525,49270,97795
0,PORT LINCOLN,1999,34,49880,50720,100600,0,0,0,49880,50720,100600
0,PORT LINCOLN,2000,32,50034,50432,100466,0,0,0,50034,50432,100466
0,PORT LINCOLN,2001,32,46175,46652,92827,0,0,0,46175,46652,92827
0,PORT LINCOLN,2002,31,45540,45495,91035,0,0,0,45540,45495,91035
0,PORT LINCOLN,2003,30,49740,50318,100058,0,0,0,49740,50318,100058
0,PORT LINCOLN,2004,31,60815,61912,122727,0,0,0,60815,61912,122727
0,PORT LINCOLN,2005,31,65235,66383,131618,0,0,0,65235,66383,131618
0,PORT LINCOLN,2006,32,71292,72563,143855,0,0,0,71292,72563,143855
0,PORT LINCOLN,2007,34,70934,71976,142910,0,0,0,70934,71976,142910
0,PORT LINCOLN,2008,36,74570,75256,149826,0,0,0,74570,75256,149826
0,PORT LINCOLN,2009,36,74294,75199,149493,0,0,0,74294,75199,149493
0,PORT LINCOLN,2010,34,95574,96471,192045,0,0,0,95574,96471,192045
0,PORT LINCOLN,2011,35,98160,99334,197494,0,0,0,98160,99334,197494
0,PORT LINCOLN,2012,36,97307,98632,195939,0,0,0,97307,98632,195939
0,PORT LINCOLN,2013,37,94494,95121,189615,0,0,0,94494,95121,189615
0,PORT LINCOLN,2014,38,95081,95734,190815,0,0,0,95081,95734,190815
0,PORT LINCOLN,2015,36,92434,93358,185792,0,0,0,92434,93358,185792
0,PORT LINCOLN,2016,36,89337,89510,178847,0,0,0,89337,89510,178847
0,PORT LINCOLN,2017,39,85446,85976,171422,0,0,0,85446,85976,171422
0,PORT LINCOLN,2018,38,84392,85207,169599,0,0,0,84392,85207,169599
1,PORT MACQUARIE,1985,38,35646,35321,70967,0,0,0,35646,35321,70967
0,PORT MACQUARIE,1986,36,38544,38018,76562,0,0,0,38544,38018,76562
0,PORT MACQUARIE,1987,29,44369,43136,87505,0,0,0,44369,43136,87505
0,PORT MACQUARIE,1988,39,32316,31403,63719,0,0,0,32316,31403,63719
0,PORT MACQUARIE,1989,-,21239,20566,41805,0,0,0,21239,20566,41805
0,PORT MACQUARIE,1990,-,23678,21581,45259,0,0,0,23678,21581,45259
0,PORT MACQUARIE,1991,-,23711,23864,47575,0,0,0,23711,23864,47575
0,PORT MACQUARIE,1992,-,24818,24991,49809,0,0,0,24818,24991,49809
0,PORT MACQUARIE,1993,36,37037,36242,73279,0,0,0,37037,36242,73279
0,PORT MACQUARIE,1994,38,38714,38891,77605,0,0,0,38714,38891,77605
0,PORT MACQUARIE,1995,38,38372,38187,76559,0,0,0,38372,38187,76559
0,PORT MACQUARIE,1996,39,37644,38163,75807,0,0,0,37644,38163,75807
0,PORT MACQUARIE,1997,40,37227,37354,74581,0,0,0,37227,37354,74581
0,PORT MACQUARIE,1998,40,36890,36969,73859,0,0,0,36890,36969,73859
0,PORT MACQUARIE,1999,39,38374,38541,76915,0,0,0,38374,38541,76915
0,PORT MACQUARIE,2000,36,43140,42884,86024,0,0,0,43140,42884,86024
0,PORT MACQUARIE,2001,35,39390,39777,79167,0,0,0,39390,39777,79167
0,PORT MACQUARIE,2002,35,37960,37927,75887,0,0,0,37960,37927,75887
0,PORT MACQUARIE,2003,38,38206,37815,76021,0,0,0,38206,37815,76021
0,PORT MACQUARIE,2004,37,43926,43784,87710,0,0,0,43926,43784,87710
0,PORT MACQUARIE,2005,34,51877,51967,103844,0,0,0,51877,51967,103844
0,PORT MACQUARIE,2006,36,55993,56446,112439,0,0,0,55993,56446,112439
0,PORT MACQUARIE,2007,37,60182,61621,121803,0,0,0,60182,61621,121803
0,PORT MACQUARIE,2008,34,85081,84878,169959,0,0,0,85081,84878,169959
0,PORT MACQUARIE,2009,29,101494,102240,203734,0,0,0,101494,102240,203734
0,PORT MACQUARIE,2010,27,110879,111887,222766,0,0,0,110879,111887,222766
0,PORT MACQUARIE,2011,31,106976,107311,214287,0,0,0,106976,107311,214287
0,PORT MACQUARIE,2012,33,115921,116393,232314,0,0,0,115921,116393,232314
0,PORT MACQUARIE,2013,33,113618,114846,228464,0,0,0,113618,114846,228464
0,PORT MACQUARIE,2014,32,114918,115533,230451,0,0,0,114918,115533,230451
0,PORT MACQUARIE,2015,30,108806,109621,218427,0,0,0,108806,109621,218427
0,PORT MACQUARIE,2016,30,112749,113004,225753,0,0,0,112749,113004,225753
0,PORT MACQUARIE,2017,30,113464,114380,227844,0,0,0,113464,114380,227844
0,PORT MACQUARIE,2018,32,107231,107498,214729,0,0,0,107231,107498,214729
1,PROSERPINE,1985,30,40665,41211,81876,0,0,0,40665,41211,81876
0,PROSERPINE,1986,33,40712,40161,80873,0,0,0,40712,40161,80873
0,PROSERPINE,1987,41,30594,30890,61484,0,0,0,30594,30890,61484
0,PROSERPINE,1988,40,31550,31708,63258,0,0,0,31550,31708,63258
0,PROSERPINE,1989,-,19976,20027,40003,0,0,0,19976,20027,40003
0,PROSERPINE,1990,-,20539,20170,40709,0,0,0,20539,20170,40709
0,PROSERPINE,1991,41,25143,25667,50810,0,0,0,25143,25667,50810
0,PROSERPINE,1992,43,25858,26616,52474,0,0,0,25858,26616,52474
0,PROSERPINE,1993,39,32867,33397,66264,0,0,0,32867,33397,66264
0,PROSERPINE,1994,33,44187,44250,88437,0,0,0,44187,44250,88437
0,PROSERPINE,1995,34,48544,48447,96991,0,0,0,48544,48447,96991
0,PROSERPINE,1996,34,47734,48187,95921,0,0,0,47734,48187,95921
0,PROSERPINE,1997,37,45113,45542,90655,0,0,0,45113,45542,90655
0,PROSERPINE,1998,37,44720,44922,89642,0,0,0,44720,44922,89642
0,PROSERPINE,1999,36,45142,45404,90546,0,0,0,45142,45404,90546
0,PROSERPINE,2000,37,42087,42392,84479,0,0,0,42087,42392,84479
0,PROSERPINE,2001,43,29301,29735,59036,0,0,0,29301,29735,59036
0,PROSERPINE,2002,38,33385,33246,66631,0,0,0,33385,33246,66631
0,PROSERPINE,2003,32,47207,47758,94965,0,0,0,47207,47758,94965
0,PROSERPINE,2004,23,91830,91616,183446,0,0,0,91830,91616,183446
0,PROSERPINE,2005,23,118118,119347,237465,0,0,0,118118,119347,237465
0,PROSERPINE,2006,24,117187,119772,236959,0,0,0,117187,119772,236959
0,PROSERPINE,2007,24,132543,134217,266760,0,0,0,132543,134217,266760
0,PROSERPINE,2008,26,122946,123221,246167,0,0,0,122946,123221,246167
0,PROSERPINE,2009,26,111233,109631,220864,0,0,0,111233,109631,220864
0,PROSERPINE,2010,29,105478,105038,210516,0,0,0,105478,105038,210516
0,PROSERPINE,2011,33,101679,103263,204942,0,0,0,101679,103263,204942
0,PROSERPINE,2012,32,114521,118292,232813,0,0,0,114521,118292,232813
0,PROSERPINE,2013,30,115471,118931,234402,0,0,0,115471,118931,234402
0,PROSERPINE,2014,27,130908,133430,264338,0,0,0,130908,133430,264338
0,PROSERPINE,2015,26,158287,160842,319129,0,0,0,158287,160842,319129
0,PROSERPINE,2016,25,169649,173189,342838,0,0,0,169649,173189,342838
0,PROSERPINE,2017,20,212285,213286,425571,0,0,0,212285,213286,425571
0,PROSERPINE,2018,19,222860,225715,448575,0,0,0,222860,225715,448575
1,ROCKHAMPTON,1985,13,214746,215702,430448,0,0,0,214746,215702,430448
0,ROCKHAMPTON,1986,13,218648,218814,437462,0,0,0,218648,218814,437462
0,ROCKHAMPTON,1987,14,220660,220899,441559,0,0,0,220660,220899,441559
0,ROCKHAMPTON,1988,14,219019,220669,439688,0,0,0,219019,220669,439688
0,ROCKHAMPTON,1989,14,135485,135904,271389,0,0,0,135485,135904,271389
0,ROCKHAMPTON,1990,14,127115,127258,254373,0,0,0,127115,127258,254373
0,ROCKHAMPTON,1991,14,142870,142639,285509,0,0,0,142870,142639,285509
0,ROCKHAMPTON,1992,14,154347,154361,308708,0,0,0,154347,154361,308708
0,ROCKHAMPTON,1993,14,155385,155646,311031,0,0,0,155385,155646,311031
0,ROCKHAMPTON,1994,15,151655,151674,303329,0,0,0,151655,151674,303329
0,ROCKHAMPTON,1995,14,153820,154244,308064,0,0,0,153820,154244,308064
0,ROCKHAMPTON,1996,16,152171,153077,305248,0,0,0,152171,153077,305248
0,ROCKHAMPTON,1997,15,156465,156798,313263,0,0,0,156465,156798,313263
0,ROCKHAMPTON,1998,15,150425,150508,300933,0,0,0,150425,150508,300933
0,ROCKHAMPTON,1999,17,142050,142074,284124,0,0,0,142050,142074,284124
0,ROCKHAMPTON,2000,16,149476,149904,299380,0,0,0,149476,149904,299380
0,ROCKHAMPTON,2001,17,124692,125050,249742,0,0,0,124692,125050,249742
0,ROCKHAMPTON,2002,18,120041,120330,240371,0,0,0,120041,120330,240371
0,ROCKHAMPTON,2003,16,181751,180715,362466,0,0,0,181751,180715,362466
0,ROCKHAMPTON,2004,16,237907,236289,474196,0,0,0,237907,236289,474196
0,ROCKHAMPTON,2005,17,289440,293059,582499,0,0,0,289440,293059,582499
0,ROCKHAMPTON,2006,17,305119,308171,613290,0,0,0,305119,308171,613290
0,ROCKHAMPTON,2007,16,330484,331385,661869,0,0,0,330484,331385,661869
0,ROCKHAMPTON,2008,16,355101,354790,709891,0,0,0,355101,354790,709891
0,ROCKHAMPTON,2009,16,371572,371765,743337,0,0,0,371572,371765,743337
0,ROCKHAMPTON,2010,16,387768,389444,777212,0,0,0,387768,389444,777212
0,ROCKHAMPTON,2011,17,348996,352031,701027,0,0,0,348996,352031,701027
0,ROCKHAMPTON,2012,17,368550,371927,740477,0,0,0,368550,371927,740477
0,ROCKHAMPTON,2013,17,347060,349442,696502,0,0,0,347060,349442,696502
0,ROCKHAMPTON,2014,17,324195,327216,651411,0,0,0,324195,327216,651411
0,ROCKHAMPTON,2015,16,306420,308045,614465,0,0,0,306420,308045,614465
0,ROCKHAMPTON,2016,17,291994,292253,584247,0,0,0,291994,292253,584247
0,ROCKHAMPTON,2017,17,278460,278054,556514,0,0,0,278460,278054,556514
0,ROCKHAMPTON,2018,17,276043,275553,551596,0,0,0,276043,275553,551596
1,ROMA,1985,-,8378,8310,16688,0,0,0,8378,8310,16688
0,ROMA,1986,-,7785,7712,15497,0,0,0,7785,7712,15497
0,ROMA,1987,-,1652,1647,3299,0,0,0,1652,1647,3299
0,ROMA,1988,-,0,0,0,0,0,0,0,0,0
0,ROMA,1989,-,0,0,0,0,0,0,0,0,0
0,ROMA,1990,-,0,0,0,0,0,0,0,0,0
0,ROMA,1991,-,2150,2357,4507,0,0,0,2150,2357,4507
0,ROMA,1992,-,3022,3094,6116,0,0,0,3022,3094,6116
0,ROMA,1993,-,3502,3558,7060,0,0,0,3502,3558,7060
0,ROMA,1994,-,3802,3884,7686,0,0,0,3802,3884,7686
0,ROMA,1995,-,4168,4197,8365,0,0,0,4168,4197,8365
0,ROMA,1996,-,4586,4708,9294,0,0,0,4586,4708,9294
0,ROMA,1997,-,5056,5065,10121,0,0,0,5056,5065,10121
0,ROMA,1998,-,5647,5659,11306,0,0,0,5647,5659,11306
0,ROMA,1999,-,5854,5944,11798,0,0,0,5854,5944,11798
0,ROMA,2000,-,5889,5753,11642,0,0,0,5889,5753,11642
0,ROMA,2001,-,5074,5024,10098,0,0,0,5074,5024,10098
0,ROMA,2002,-,5404,5399,10803,0,0,0,5404,5399,10803
0,ROMA,2003,-,5148,5070,10218,0,0,0,5148,5070,10218
0,ROMA,2004,-,6715,6729,13444,0,0,0,6715,6729,13444
0,ROMA,2005,-,7421,7522,14943,0,0,0,7421,7522,14943
0,ROMA,2006,-,9459,9535,18994,0,0,0,9459,9535,18994
0,ROMA,2007,-,12685,12854,25539,0,0,0,12685,12854,25539
0,ROMA,2008,-,17928,17887,35815,0,0,0,17928,17887,35815
0,ROMA,2009,-,21899,21746,43645,0,0,0,21899,21746,43645
0,ROMA,2010,59,26235,25997,52232,0,0,0,26235,25997,52232
0,ROMA,2011,50,36177,41253,77430,0,0,0,36177,41253,77430
0,ROMA,2012,43,64831,64679,129510,0,0,0,64831,64679,129510
0,ROMA,2013,35,107075,107533,214608,0,0,0,107075,107533,214608
0,ROMA,2014,30,118539,121226,239765,0,0,0,118539,121226,239765
0,ROMA,2015,43,68267,69886,138153,0,0,0,68267,69886,138153
0,ROMA,2016,48,39522,39012,78534,0,0,0,39522,39012,78534
0,ROMA,2017,49,38144,37173,75317,0,0,0,38144,37173,75317
0,ROMA,2018,50,39277,38832,78109,0,0,0,39277,38832,78109
1,SUNSHINE COAST,1985,27,44186,44789,88975,0,0,0,44186,44789,88975
0,SUNSHINE COAST,1986,29,44183,44068,88251,0,0,0,44183,44068,88251
0,SUNSHINE COAST,1987,31,42263,42953,85216,0,0,0,42263,42953,85216
0,SUNSHINE COAST,1988,29,44621,44353,88974,0,0,0,44621,44353,88974
0,SUNSHINE COAST,1989,34,27934,29066,57000,0,0,0,27934,29066,57000
0,SUNSHINE COAST,1990,29,39953,38245,78198,0,0,0,39953,38245,78198
0,SUNSHINE COAST,1991,25,51196,50827,102023,0,0,0,51196,50827,102023
0,SUNSHINE COAST,1992,19,79725,78970,158695,0,0,0,79725,78970,158695
0,SUNSHINE COAST,1993,18,99737,98717,198454,0,0,0,99737,98717,198454
0,SUNSHINE COAST,1994,18,124716,124998,249714,0,0,0,124716,124998,249714
0,SUNSHINE COAST,1995,17,146487,145305,291792,0,0,0,146487,145305,291792
0,SUNSHINE COAST,1996,15,159907,159238,319145,0,0,0,159907,159238,319145
0,SUNSHINE COAST,1997,18,142675,140681,283356,0,0,0,142675,140681,283356
0,SUNSHINE COAST,1998,18,141052,138494,279546,0,0,0,141052,138494,279546
0,SUNSHINE COAST,1999,16,148995,149538,298533,0,0,0,148995,149538,298533
0,SUNSHINE COAST,2000,18,134344,133958,268302,0,0,0,134344,133958,268302
0,SUNSHINE COAST,2001,18,115307,115390,230697,0,0,0,115307,115390,230697
0,SUNSHINE COAST,2002,17,121847,119853,241700,0,0,0,121847,119853,241700
0,SUNSHINE COAST,2003,15,196537,195596,392133,0,0,0,196537,195596,392133
0,SUNSHINE COAST,2004,14,257760,258407,516167,0,0,0,257760,258407,516167
0,SUNSHINE COAST,2005,13,382299,381838,764137,0,0,0,382299,381838,764137
0,SUNSHINE COAST,2006,14,421910,424813,846723,0,0,0,421910,424813,846723
0,SUNSHINE COAST,2007,14,435196,432973,868169,0,0,0,435196,432973,868169
0,SUNSHINE COAST,2008,14,476109,474414,950523,0,0,0,476109,474414,950523
0,SUNSHINE COAST,2009,15,429738,429269,859007,0,0,0,429738,429269,859007
0,SUNSHINE COAST,2010,15,431498,432171,863669,0,0,0,431498,432171,863669
0,SUNSHINE COAST,2011,15,426912,430503,857415,0,0,0,426912,430503,857415
0,SUNSHINE COAST,2012,16,394371,395291,789662,2864,2849,5713,397235,398140,795375
0,SUNSHINE COAST,2013,15,428785,429314,858099,4398,4007,8405,433183,433321,866504
0,SUNSHINE COAST,2014,15,430049,432051,862100,5415,4833,10248,435464,436884,872348
0,SUNSHINE COAST,2015,14,443439,444667,888106,7056,6542,13598,450495,451209,901704
0,SUNSHINE COAST,2016,14,495416,497336,992752,9327,8179,17506,504743,505515,1010258
0,SUNSHINE COAST,2017,14,555993,556972,1112965,7445,6274,13719,563438,563246,1126684
0,SUNSHINE COAST,2018,14,609711,610891,1220602,7619,6684,14303,617330,617575,1234905
1,SYDNEY,1985,1,3194709,3183325,6378034,1402153,1369967,2772120,4596862,4553292,9150154
0,SYDNEY,1986,1,3410103,3403111,6813214,1565404,1520933,3086337,4975507,4924044,9899551
0,SYDNEY,1987,1,3652839,3610677,7263516,1804592,1764917,3569509,5457431,5375594,10833025
0,SYDNEY,1988,1,4109920,4038008,8147928,2048596,2057864,4106460,6158516,6095872,12254388
0,SYDNEY,1989,1,3087975,3042685,6130660,2007167,2019129,4026296,5095142,5061814,10156956
0,SYDNEY,1990,1,3803772,3727373,7531145,2109365,2154726,4264091,5913137,5882099,11795236
0,SYDNEY,1991,1,4967461,4897902,9865363,2092851,2127421,4220272,7060312,7025323,14085635
0,SYDNEY,1992,1,5273781,5178851,10452632,2209085,2296571,4505656,7482866,7475422,14958288
0,SYDNEY,1993,1,5605666,5483727,11089393,2349534,2428481,4778015,7955200,7912208,15867408
0,SYDNEY,1994,1,6292521,6050575,12343096,2620935,2737559,5358494,8913456,8788134,17701590
0,SYDNEY,1995,1,6713009,6500543,13213552,2860569,2977882,5838451,9573578,9478425,19052003
0,SYDNEY,1996,1,7066370,6835310,13901680,3164586,3313158,6477744,10230956,10148468,20379424
0,SYDNEY,1997,1,7146795,6923339,14070134,3322047,3518649,6840696,10468842,10441988,20910830
0,SYDNEY,1998,1,7235965,7039112,14275077,3381651,3551900,6933551,10617616,10591012,21208628
0,SYDNEY,1999,1,7529074,7348827,14877901,3641339,3746814,7388153,11170413,11095641,22266054
0,SYDNEY,2000,1,8146586,8093724,16240310,4033463,4203760,8237223,12180049,12297484,24477533
0,SYDNEY,2001,1,8328562,8234734,16563296,4050012,4178961,8228973,12378574,12413695,24792269
0,SYDNEY,2002,1,7644875,7543033,15187908,3942082,4064693,8006775,11586957,11607726,23194683
0,SYDNEY,2003,1,8306809,8241513,16548322,3922337,4007504,7929841,12229146,12249017,24478163
0,SYDNEY,2004,1,9161108,9085141,18246249,4425862,4525963,8951825,13586970,13611104,27198074
0,SYDNEY,2005,1,9517733,9422434,18940167,4734192,4781791,9515983,14251925,14204225,28456150
0,SYDNEY,2006,1,10100938,10018062,20119000,4941157,4924813,9865970,15042095,14942875,29984970
0,SYDNEY,2007,1,10769730,10699325,21469055,5207278,5170962,10378240,15977008,15870287,31847295
0,SYDNEY,2008,1,11175152,11173075,22348227,5325234,5227666,10552900,16500386,16400741,32901127
0,SYDNEY,2009,1,11173827,11188945,22362772,5369063,5266207,10635270,16542890,16455152,32998042
0,SYDNEY,2010,1,12096166,12098516,24194682,5743999,5711538,11455537,17840165,17810054,35650219
0,SYDNEY,2011,1,11966410,11958941,23925351,5895629,5852953,11748582,17862039,17811894,35673933
0,SYDNEY,2012,1,12334056,12304821,24638877,6202670,6166523,12369193,18536726,18471344,37008070
0,SYDNEY,2013,1,12627848,12588813,25216661,6483721,6450164,12933885,19111569,19038977,38150546
0,SYDNEY,2014,1,12733521,12683586,25417107,6652183,6663652,13315835,19385704,19347238,38732942
0,SYDNEY,2015,1,12959388,12938231,25897619,6978460,6932768,13911228,19937848,19870999,39808847
0,SYDNEY,2016,1,13463437,13442507,26905944,7593690,7518287,15111977,21057127,20960794,42017921
0,SYDNEY,2017,1,13662784,13629090,27291874,8057732,7980454,16038186,21720516,21609544,43330060
0,SYDNEY,2018,1,13851080,13816193,27667273,8416205,8346280,16762485,22267285,22162473,44429758
1,TAMWORTH,1985,23,49434,49382,98816,0,0,0,49434,49382,98816
0,TAMWORTH,1986,22,49524,50067,99591,0,0,0,49524,50067,99591
0,TAMWORTH,1987,23,60034,59378,119412,0,0,0,60034,59378,119412
0,TAMWORTH,1988,23,60994,60979,121973,0,0,0,60994,60979,121973
0,TAMWORTH,1989,26,38845,39228,78073,0,0,0,38845,39228,78073
0,TAMWORTH,1990,32,36304,35769,72073,0,0,0,36304,35769,72073
0,TAMWORTH,1991,26,50085,49666,99751,0,0,0,50085,49666,99751
0,TAMWORTH,1992,35,34308,34148,68456,0,0,0,34308,34148,68456
0,TAMWORTH,1993,37,36527,36030,72557,0,0,0,36527,36030,72557
0,TAMWORTH,1994,37,41235,41318,82553,0,0,0,41235,41318,82553
0,TAMWORTH,1995,36,40920,40989,81909,0,0,0,40920,40989,81909
0,TAMWORTH,1996,38,40538,40828,81366,0,0,0,40538,40828,81366
0,TAMWORTH,1997,38,40913,41112,82025,0,0,0,40913,41112,82025
0,TAMWORTH,1998,39,39884,40127,80011,0,0,0,39884,40127,80011
0,TAMWORTH,1999,38,41588,41523,83111,0,0,0,41588,41523,83111
0,TAMWORTH,2000,35,47939,48304,96243,0,0,0,47939,48304,96243
0,TAMWORTH,2001,34,44942,44723,89665,0,0,0,44942,44723,89665
0,TAMWORTH,2002,36,36105,36133,72238,0,0,0,36105,36133,72238
0,TAMWORTH,2003,40,34877,34944,69821,0,0,0,34877,34944,69821
0,TAMWORTH,2004,39,40489,40643,81132,0,0,0,40489,40643,81132
0,TAMWORTH,2005,41,45749,44589,90338,0,0,0,45749,44589,90338
0,TAMWORTH,2006,41,48036,47347,95383,0,0,0,48036,47347,95383
0,TAMWORTH,2007,41,50580,51692,102272,0,0,0,50580,51692,102272
0,TAMWORTH,2008,41,56058,55924,111982,0,0,0,56058,55924,111982
0,TAMWORTH,2009,38,61485,61797,123282,0,0,0,61485,61797,123282
0,TAMWORTH,2010,38,74370,74438,148808,0,0,0,74370,74438,148808
0,TAMWORTH,2011,38,77021,76993,154014,0,0,0,77021,76993,154014
0,TAMWORTH,2012,38,78866,78931,157797,0,0,0,78866,78931,157797
0,TAMWORTH,2013,40,79004,78680,157684,0,0,0,79004,78680,157684
0,TAMWORTH,2014,42,77532,76571,154103,0,0,0,77532,76571,154103
0,TAMWORTH,2015,40,78506,78037,156543,0,0,0,78506,78037,156543
0,TAMWORTH,2016,37,87750,88182,175932,0,0,0,87750,88182,175932
0,TAMWORTH,2017,35,98126,97836,195962,0,0,0,98126,97836,195962
0,TAMWORTH,2018,36,94824,94578,189402,0,0,0,94824,94578,189402
1,TAREE,1985,40,33718,33439,67157,0,0,0,33718,33439,67157
0,TAREE,1986,39,33882,34105,67987,0,0,0,33882,34105,67987
0,TAREE,1987,38,32352,32387,64739,0,0,0,32352,32387,64739
0,TAREE,1988,-,21086,21251,42337,0,0,0,21086,21251,42337
0,TAREE,1989,-,8040,7625,15665,0,0,0,8040,7625,15665
0,TAREE,1990,-,8858,8499,17357,0,0,0,8858,8499,17357
0,TAREE,1991,-,9393,9303,18696,0,0,0,9393,9303,18696
0,TAREE,1992,-,10171,10160,20331,0,0,0,10171,10160,20331
0,TAREE,1993,-,11094,10753,21847,0,0,0,11094,10753,21847
0,TAREE,1994,-,12220,12370,24590,0,0,0,12220,12370,24590
0,TAREE,1995,-,12244,12218,24462,0,0,0,12244,12218,24462
0,TAREE,1996,-,12374,12235,24609,0,0,0,12374,12235,24609
0,TAREE,1997,-,11577,11242,22819,0,0,0,11577,11242,22819
0,TAREE,1998,-,11118,10797,21915,0,0,0,11118,10797,21915
0,TAREE,1999,-,11248,11158,22406,0,0,0,11248,11158,22406
0,TAREE,2000,-,12821,12700,25521,0,0,0,12821,12700,25521
0,TAREE,2001,-,12052,11214,23266,0,0,0,12052,11214,23266
0,TAREE,2002,-,9369,9374,18743,0,0,0,9369,9374,18743
0,TAREE,2003,-,8820,8788,17608,0,0,0,8820,8788,17608
0,TAREE,2004,-,5051,5055,10106,0,0,0,5051,5055,10106
0,TAREE,2005,-,4364,4534,8898,0,0,0,4364,4534,8898
0,TAREE,2006,-,3116,3326,6442,0,0,0,3116,3326,6442
0,TAREE,2007,-,9564,9615,19179,0,0,0,9564,9615,19179
0,TAREE,2008,-,11175,11249,22424,0,0,0,11175,11249,22424
0,TAREE,2009,-,9597,9686,19283,0,0,0,9597,9686,19283
0,TAREE,2010,-,9869,9825,19694,0,0,0,9869,9825,19694
0,TAREE,2011,-,8964,9078,18042,0,0,0,8964,9078,18042
0,TAREE,2012,-,8900,8877,17777,0,0,0,8900,8877,17777
0,TAREE,2013,-,8393,8363,16756,0,0,0,8393,8363,16756
0,TAREE,2014,-,7779,7811,15590,0,0,0,7779,7811,15590
0,TAREE,2015,-,7041,7001,14042,0,0,0,7041,7001,14042
0,TAREE,2016,-,6835,6892,13727,0,0,0,6835,6892,13727
0,TAREE,2017,-,6401,6420,12821,0,0,0,6401,6420,12821
0,TAREE,2018,-,5096,5326,10422,0,0,0,5096,5326,10422
1,TENNANT CREEK,1985,-,12931,12793,25724,0,0,0,12931,12793,25724
0,TENNANT CREEK,1986,-,11631,11254,22885,0,0,0,11631,11254,22885
0,TENNANT CREEK,1987,-,3605,2035,5640,0,0,0,3605,2035,5640
0,TENNANT CREEK,1988,-,12549,12310,24859,0,0,0,12549,12310,24859
0,TENNANT CREEK,1989,-,7704,7510,15214,0,0,0,7704,7510,15214
0,TENNANT CREEK,1990,-,10780,10737,21517,0,0,0,10780,10737,21517
0,TENNANT CREEK,1991,-,4209,4062,8271,0,0,0,4209,4062,8271
0,TENNANT CREEK,1992,-,2176,2177,4353,0,0,0,2176,2177,4353
0,TENNANT CREEK,1993,-,2355,2432,4787,0,0,0,2355,2432,4787
0,TENNANT CREEK,1994,-,2467,2357,4824,0,0,0,2467,2357,4824
0,TENNANT CREEK,1995,-,3222,3225,6447,0,0,0,3222,3225,6447
0,TENNANT CREEK,1996,-,4063,4064,8127,0,0,0,4063,4064,8127
0,TENNANT CREEK,1997,-,4050,4050,8100,0,0,0,4050,4050,8100
0,TENNANT CREEK,1998,-,5198,5200,10398,0,0,0,5198,5200,10398
0,TENNANT CREEK,1999,-,5555,5554,11109,0,0,0,5555,5554,11109
0,TENNANT CREEK,2000,-,4767,4731,9498,0,0,0,4767,4731,9498
0,TENNANT CREEK,2001,-,3093,3059,6152,0,0,0,3093,3059,6152
0,TENNANT CREEK,2002,-,3439,3155,6594,0,0,0,3439,3155,6594
0,TENNANT CREEK,2003,-,2603,2503,5106,0,0,0,2603,2503,5106
0,TENNANT CREEK,2004,-,1778,1708,3486,0,0,0,1778,1708,3486
0,TENNANT CREEK,2005,-,2972,2971,5943,0,0,0,2972,2971,5943
0,TENNANT CREEK,2006,-,1014,1014,2028,0,0,0,1014,1014,2028
0,TENNANT CREEK,2007,-,0,0,0,0,0,0,0,0,0
0,TENNANT CREEK,2008,-,0,0,0,0,0,0,0,0,0
0,TENNANT CREEK,2009,-,0,0,0,0,0,0,0,0,0
0,TENNANT CREEK,2010,-,444,451,895,0,0,0,444,451,895
0,TENNANT CREEK,2011,-,1407,1408,2815,0,0,0,1407,1408,2815
0,TENNANT CREEK,2012,-,768,759,1527,0,0,0,768,759,1527
0,TENNANT CREEK,2013,-,423,416,839,0,0,0,423,416,839
0,TENNANT CREEK,2014,-,0,0,0,0,0,0,0,0,0
0,TENNANT CREEK,2015,-,408,448,856,0,0,0,408,448,856
0,TENNANT CREEK,2016,-,2205,2238,4443,0,0,0,2205,2238,4443
0,TENNANT CREEK,2017,-,2916,2937,5853,0,0,0,2916,2937,5853
0,TENNANT CREEK,2018,-,4444,4056,8500,0,0,0,4444,4056,8500
1,THURSDAY ISLAND,1985,-,5981,6204,12185,0,0,0,5981,6204,12185
0,THURSDAY ISLAND,1986,-,8234,8416,16650,0,0,0,8234,8416,16650
0,THURSDAY ISLAND,1987,-,8772,9062,17834,0,0,0,8772,9062,17834
0,THURSDAY ISLAND,1988,-,12686,13619,26305,0,0,0,12686,13619,26305
0,THURSDAY ISLAND,1989,-,11472,11975,23447,0,0,0,11472,11975,23447
0,THURSDAY ISLAND,1990,-,8124,8484,16608,0,0,0,8124,8484,16608
0,THURSDAY ISLAND,1991,-,20119,21288,41407,0,0,0,20119,21288,41407
0,THURSDAY ISLAND,1992,45,25347,26222,51569,0,0,0,25347,26222,51569
0,THURSDAY ISLAND,1993,-,19370,19185,38555,0,0,0,19370,19185,38555
0,THURSDAY ISLAND,1994,-,17279,17376,34655,0,0,0,17279,17376,34655
0,THURSDAY ISLAND,1995,-,16983,17210,34193,0,0,0,16983,17210,34193
0,THURSDAY ISLAND,1996,-,18087,18404,36491,0,0,0,18087,18404,36491
0,THURSDAY ISLAND,1997,-,20855,21142,41997,0,0,0,20855,21142,41997
0,THURSDAY ISLAND,1998,-,22133,21967,44100,0,0,0,22133,21967,44100
0,THURSDAY ISLAND,1999,-,22943,23407,46350,0,0,0,22943,23407,46350
0,THURSDAY ISLAND,2000,-,23239,23613,46852,0,0,0,23239,23613,46852
0,THURSDAY ISLAND,2001,-,22197,22432,44629,0,0,0,22197,22432,44629
0,THURSDAY ISLAND,2002,-,22370,22443,44813,0,0,0,22370,22443,44813
0,THURSDAY ISLAND,2003,-,22840,22776,45616,0,0,0,22840,22776,45616
0,THURSDAY ISLAND,2004,-,23666,23929,47595,0,0,0,23666,23929,47595
0,THURSDAY ISLAND,2005,-,24181,24335,48516,0,0,0,24181,24335,48516
0,THURSDAY ISLAND,2006,55,26376,26312,52688,0,0,0,26376,26312,52688
0,THURSDAY ISLAND,2007,55,30016,30097,60113,0,0,0,30016,30097,60113
0,THURSDAY ISLAND,2008,51,32961,32977,65938,0,0,0,32961,32977,65938
0,THURSDAY ISLAND,2009,48,36772,35987,72759,0,0,0,36772,35987,72759
0,THURSDAY ISLAND,2010,47,41507,40580,82087,0,0,0,41507,40580,82087
0,THURSDAY ISLAND,2011,45,48268,48865,97133,0,0,0,48268,48865,97133
0,THURSDAY ISLAND,2012,47,47222,47416,94638,0,0,0,47222,47416,94638
0,THURSDAY ISLAND,2013,47,45804,46469,92273,0,0,0,45804,46469,92273
0,THURSDAY ISLAND,2014,47,42664,43611,86275,0,0,0,42664,43611,86275
0,THURSDAY ISLAND,2015,46,44776,45552,90328,0,0,0,44776,45552,90328
0,THURSDAY ISLAND,2016,46,48137,48424,96561,0,0,0,48137,48424,96561
0,THURSDAY ISLAND,2017,46,48483,50102,98585,0,0,0,48483,50102,98585
0,THURSDAY ISLAND,2018,46,49734,51009,100743,0,0,0,49734,51009,100743
1,TOOWOOMBA WELLCAMP,1985,-,0,0,0,0,0,0,0,0,0
0,TOOWOOMBA WELLCAMP,1986,-,0,0,0,0,0,0,0,0,0
0,TOOWOOMBA WELLCAMP,1987,-,0,0,0,0,0,0,0,0,0
0,TOOWOOMBA WELLCAMP,1988,-,0,0,0,0,0,0,0,0,0
0,TOOWOOMBA WELLCAMP,1989,-,0,0,0,0,0,0,0,0,0
0,TOOWOOMBA WELLCAMP,1990,-,0,0,0,0,0,0,0,0,0
0,TOOWOOMBA WELLCAMP,1991,-,0,0,0,0,0,0,0,0,0
0,TOOWOOMBA WELLCAMP,1992,-,0,0,0,0,0,0,0,0,0
0,TOOWOOMBA WELLCAMP,1993,-,0,0,0,0,0,0,0,0,0
0,TOOWOOMBA WELLCAMP,1994,-,0,0,0,0,0,0,0,0,0
0,TOOWOOMBA WELLCAMP,1995,-,0,0,0,0,0,0,0,0,0
0,TOOWOOMBA WELLCAMP,1996,-,0,0,0,0,0,0,0,0,0
0,TOOWOOMBA WELLCAMP,1997,-,0,0,0,0,0,0,0,0,0
0,TOOWOOMBA WELLCAMP,1998,-,0,0,0,0,0,0,0,0,0
0,TOOWOOMBA WELLCAMP,1999,-,0,0,0,0,0,0,0,0,0
0,TOOWOOMBA WELLCAMP,2000,-,0,0,0,0,0,0,0,0,0
0,TOOWOOMBA WELLCAMP,2001,-,0,0,0,0,0,0,0,0,0
0,TOOWOOMBA WELLCAMP,2002,-,0,0,0,0,0,0,0,0,0
0,TOOWOOMBA WELLCAMP,2003,-,0,0,0,0,0,0,0,0,0
0,TOOWOOMBA WELLCAMP,2004,-,0,0,0,0,0,0,0,0,0
0,TOOWOOMBA WELLCAMP,2005,-,0,0,0,0,0,0,0,0,0
0,TOOWOOMBA WELLCAMP,2006,-,0,0,0,0,0,0,0,0,0
0,TOOWOOMBA WELLCAMP,2007,-,0,0,0,0,0,0,0,0,0
0,TOOWOOMBA WELLCAMP,2008,-,0,0,0,0,0,0,0,0,0
0,TOOWOOMBA WELLCAMP,2009,-,0,0,0,0,0,0,0,0,0
0,TOOWOOMBA WELLCAMP,2010,-,0,0,0,0,0,0,0,0,0
0,TOOWOOMBA WELLCAMP,2011,-,0,0,0,0,0,0,0,0,0
0,TOOWOOMBA WELLCAMP,2012,-,0,0,0,0,0,0,0,0,0
0,TOOWOOMBA WELLCAMP,2013,-,0,0,0,0,0,0,0,0,0
0,TOOWOOMBA WELLCAMP,2014,-,3102,2935,6037,0,0,0,3102,2935,6037
0,TOOWOOMBA WELLCAMP,2015,55,31573,30477,62050,0,0,0,31573,30477,62050
0,TOOWOOMBA WELLCAMP,2016,45,56951,55248,112199,0,0,0,56951,55248,112199
0,TOOWOOMBA WELLCAMP,2017,42,72355,70612,142967,0,0,0,72355,70612,142967
0,TOOWOOMBA WELLCAMP,2018,43,64829,62813,127642,0,0,0,64829,62813,127642
1,TOWNSVILLE,1985,6,481632,483559,965191,12982,12556,25538,494614,496115,990729
0,TOWNSVILLE,1986,7,494745,496179,990924,15171,14474,29645,509916,510653,1020569
0,TOWNSVILLE,1987,8,487307,490377,977684,12283,11946,24229,499590,502323,1001913
0,TOWNSVILLE,1988,9,480680,481929,962609,11423,10551,21974,492103,492480,984583
0,TOWNSVILLE,1989,9,290206,289459,579665,9739,10053,19792,299945,299512,599457
0,TOWNSVILLE,1990,11,257202,257854,515056,8960,9145,18105,266162,266999,533161
0,TOWNSVILLE,1991,12,244424,248015,492439,1621,1259,2880,246045,249274,495319
0,TOWNSVILLE,1992,12,259360,260265,519625,362,543,905,259722,260808,520530
0,TOWNSVILLE,1993,12,255905,257410,513315,2435,2671,5106,258340,260081,518421
0,TOWNSVILLE,1994,12,272322,275543,547865,1737,2294,4031,274059,277837,551896
0,TOWNSVILLE,1995,12,293924,297353,591277,0,0,0,293924,297353,591277
0,TOWNSVILLE,1996,12,300676,304370,605046,0,0,0,300676,304370,605046
0,TOWNSVILLE,1997,12,306312,307773,614085,106,134,240,306418,307907,614325
0,TOWNSVILLE,1998,12,317408,319204,636612,247,169,416,317655,319373,637028
0,TOWNSVILLE,1999,12,333352,334706,668058,125,117,242,333477,334823,668300
0,TOWNSVILLE,2000,12,345337,346151,691488,0,0,0,345337,346151,691488
0,TOWNSVILLE,2001,11,368415,368227,736642,68,79,147,368483,368306,736789
0,TOWNSVILLE,2002,11,363042,365782,728824,0,0,0,363042,365782,728824
0,TOWNSVILLE,2003,11,416640,422759,839399,0,0,0,416640,422759,839399
0,TOWNSVILLE,2004,11,500592,503673,1004265,0,0,0,500592,503673,1004265
0,TOWNSVILLE,2005,11,548206,548623,1096829,0,0,0,548206,548623,1096829
0,TOWNSVILLE,2006,11,621735,624585,1246320,0,0,0,621735,624585,1246320
0,TOWNSVILLE,2007,11,654597,655559,1310156,0,0,0,654597,655559,1310156
0,TOWNSVILLE,2008,11,707037,704718,1411755,0,0,0,707037,704718,1411755
0,TOWNSVILLE,2009,11,744138,738092,1482230,0,0,0,744138,738092,1482230
0,TOWNSVILLE,2010,11,793836,794914,1588750,432,882,1314,794268,795796,1590064
0,TOWNSVILLE,2011,11,802745,804546,1607291,5046,4546,9592,807791,809092,1616883
0,TOWNSVILLE,2012,11,803208,806530,1609738,0,0,0,803208,806530,1609738
0,TOWNSVILLE,2013,11,778079,778500,1556579,0,0,0,778079,778500,1556579
0,TOWNSVILLE,2014,11,748303,749538,1497841,0,0,0,748303,749538,1497841
0,TOWNSVILLE,2015,11,749762,750349,1500111,4845,6278,11123,754607,756627,1511234
0,TOWNSVILLE,2016,11,744116,743884,1488000,20409,21070,41479,764525,764954,1529479
0,TOWNSVILLE,2017,11,768506,772984,1541490,23978,24557,48535,792484,797541,1590025
0,TOWNSVILLE,2018,11,795366,798745,1594111,8287,7900,16187,803653,806645,1610298
1,WAGGA WAGGA,1985,29,41881,42152,84033,0,0,0,41881,42152,84033
0,WAGGA WAGGA,1986,28,43953,44551,88504,0,0,0,43953,44551,88504
0,WAGGA WAGGA,1987,30,43368,43408,86776,0,0,0,43368,43408,86776
0,WAGGA WAGGA,1988,27,45889,45256,91145,0,0,0,45889,45256,91145
0,WAGGA WAGGA,1989,28,37336,36379,73715,0,0,0,37336,36379,73715
0,WAGGA WAGGA,1990,23,48082,47466,95548,0,0,0,48082,47466,95548
0,WAGGA WAGGA,1991,24,53630,52234,105864,0,0,0,53630,52234,105864
0,WAGGA WAGGA,1992,22,60925,60602,121527,0,0,0,60925,60602,121527
0,WAGGA WAGGA,1993,24,60968,61502,122470,0,0,0,60968,61502,122470
0,WAGGA WAGGA,1994,27,57993,58524,116517,0,0,0,57993,58524,116517
0,WAGGA WAGGA,1995,29,58314,58244,116558,0,0,0,58314,58244,116558
0,WAGGA WAGGA,1996,25,64284,64252,128536,0,0,0,64284,64252,128536
0,WAGGA WAGGA,1997,25,67280,67526,134806,0,0,0,67280,67526,134806
0,WAGGA WAGGA,1998,27,65238,65144,130382,0,0,0,65238,65144,130382
0,WAGGA WAGGA,1999,28,64675,65234,129909,0,0,0,64675,65234,129909
0,WAGGA WAGGA,2000,28,65811,65766,131577,0,0,0,65811,65766,131577
0,WAGGA WAGGA,2001,26,60297,60653,120950,0,0,0,60297,60653,120950
0,WAGGA WAGGA,2002,26,52865,53438,106303,0,0,0,52865,53438,106303
0,WAGGA WAGGA,2003,26,58391,59434,117825,0,0,0,58391,59434,117825
0,WAGGA WAGGA,2004,26,73445,74539,147984,0,0,0,73445,74539,147984
0,WAGGA WAGGA,2005,27,81255,82319,163574,0,0,0,81255,82319,163574
0,WAGGA WAGGA,2006,27,92463,93641,186104,0,0,0,92463,93641,186104
0,WAGGA WAGGA,2007,27,107672,109975,217647,0,0,0,107672,109975,217647
0,WAGGA WAGGA,2008,27,109128,110728,219856,0,0,0,109128,110728,219856
0,WAGGA WAGGA,2009,28,103134,104153,207287,0,0,0,103134,104153,207287
0,WAGGA WAGGA,2010,28,107349,108330,215679,0,0,0,107349,108330,215679
0,WAGGA WAGGA,2011,32,103249,103878,207127,0,0,0,103249,103878,207127
0,WAGGA WAGGA,2012,35,103870,104603,208473,0,0,0,103870,104603,208473
0,WAGGA WAGGA,2013,36,103801,104824,208625,0,0,0,103801,104824,208625
0,WAGGA WAGGA,2014,35,104858,106176,211034,0,0,0,104858,106176,211034
0,WAGGA WAGGA,2015,33,104277,105602,209879,0,0,0,104277,105602,209879
0,WAGGA WAGGA,2016,32,106601,107799,214400,0,0,0,106601,107799,214400
0,WAGGA WAGGA,2017,33,112046,112320,224366,0,0,0,112046,112320,224366
0,WAGGA WAGGA,2018,31,107635,108385,216020,0,0,0,107635,108385,216020
1,WEIPA,1985,-,17151,17216,34367,0,0,0,17151,17216,34367
0,WEIPA,1986,-,21974,21921,43895,0,0,0,21974,21921,43895
0,WEIPA,1987,-,19322,19425,38747,0,0,0,19322,19425,38747
0,WEIPA,1988,-,20940,21184,42124,0,0,0,20940,21184,42124
0,WEIPA,1989,-,15266,15156,30422,0,0,0,15266,15156,30422
0,WEIPA,1990,-,7528,8385,15913,0,0,0,7528,8385,15913
0,WEIPA,1991,-,12527,12939,25466,0,0,0,12527,12939,25466
0,WEIPA,1992,-,11390,11745,23135,0,0,0,11390,11745,23135
0,WEIPA,1993,-,11572,11732,23304,0,0,0,11572,11732,23304
0,WEIPA,1994,-,13226,13483,26709,0,0,0,13226,13483,26709
0,WEIPA,1995,-,14820,14965,29785,0,0,0,14820,14965,29785
0,WEIPA,1996,-,15671,16221,31892,0,0,0,15671,16221,31892
0,WEIPA,1997,-,14709,15094,29803,0,0,0,14709,15094,29803
0,WEIPA,1998,-,17081,17323,34404,0,0,0,17081,17323,34404
0,WEIPA,1999,-,15512,15675,31187,0,0,0,15512,15675,31187
0,WEIPA,2000,-,14882,14935,29817,0,0,0,14882,14935,29817
0,WEIPA,2001,-,13989,13992,27981,0,0,0,13989,13992,27981
0,WEIPA,2002,-,15004,15379,30383,0,0,0,15004,15379,30383
0,WEIPA,2003,-,16606,16760,33366,0,0,0,16606,16760,33366
0,WEIPA,2004,-,22032,22423,44455,0,0,0,22032,22423,44455
0,WEIPA,2005,-,20738,21250,41988,0,0,0,20738,21250,41988
0,WEIPA,2006,-,23530,23749,47279,0,0,0,23530,23749,47279
0,WEIPA,2007,-,24363,24754,49117,0,0,0,24363,24754,49117
0,WEIPA,2008,55,30113,30320,60433,0,0,0,30113,30320,60433
0,WEIPA,2009,53,28278,28824,57102,0,0,0,28278,28824,57102
0,WEIPA,2010,56,26833,26996,53829,0,0,0,26833,26996,53829
0,WEIPA,2011,55,32374,33021,65395,0,0,0,32374,33021,65395
0,WEIPA,2012,53,34865,35730,70595,0,0,0,34865,35730,70595
0,WEIPA,2013,52,34492,35438,69930,0,0,0,34492,35438,69930
0,WEIPA,2014,52,33286,33485,66771,0,0,0,33286,33485,66771
0,WEIPA,2015,51,33157,33299,66456,0,0,0,33157,33299,66456
0,WEIPA,2016,51,34494,34297,68791,0,0,0,34494,34297,68791
0,WEIPA,2017,50,37796,37290,75086,0,0,0,37796,37290,75086
0,WEIPA,2018,49,40239,40168,80407,0,0,0,40239,40168,80407
1,WHYALLA,1985,45,25603,26139,51742,0,0,0,25603,26139,51742
0,WHYALLA,1986,-,24485,24303,48788,0,0,0,24485,24303,48788
0,WHYALLA,1987,-,19258,19036,38294,0,0,0,19258,19036,38294
0,WHYALLA,1988,-,19420,18444,37864,0,0,0,19420,18444,37864
0,WHYALLA,1989,-,20597,19910,40507,0,0,0,20597,19910,40507
0,WHYALLA,1990,-,21713,21221,42934,0,0,0,21713,21221,42934
0,WHYALLA,1991,-,24418,24230,48648,0,0,0,24418,24230,48648
0,WHYALLA,1992,-,22853,22897,45750,0,0,0,22853,22897,45750
0,WHYALLA,1993,-,22718,22743,45461,0,0,0,22718,22743,45461
0,WHYALLA,1994,-,24458,24590,49048,0,0,0,24458,24590,49048
0,WHYALLA,1995,49,25766,25837,51603,0,0,0,25766,25837,51603
0,WHYALLA,1996,47,25528,25572,51100,0,0,0,25528,25572,51100
0,WHYALLA,1997,47,24992,25160,50152,0,0,0,24992,25160,50152
0,WHYALLA,1998,46,25252,25466,50718,0,0,0,25252,25466,50718
0,WHYALLA,1999,-,24144,24541,48685,0,0,0,24144,24541,48685
0,WHYALLA,2000,-,21670,22017,43687,0,0,0,21670,22017,43687
0,WHYALLA,2001,-,20269,20757,41026,0,0,0,20269,20757,41026
0,WHYALLA,2002,-,17773,18251,36024,0,0,0,17773,18251,36024
0,WHYALLA,2003,-,19605,19981,39586,0,0,0,19605,19981,39586
0,WHYALLA,2004,50,24985,25396,50381,0,0,0,24985,25396,50381
0,WHYALLA,2005,50,29263,29601,58864,0,0,0,29263,29601,58864
0,WHYALLA,2006,47,34695,35254,69949,0,0,0,34695,35254,69949
0,WHYALLA,2007,47,39454,39712,79166,0,0,0,39454,39712,79166
0,WHYALLA,2008,48,38054,38704,76758,0,0,0,38054,38704,76758
0,WHYALLA,2009,51,30712,31282,61994,0,0,0,30712,31282,61994
0,WHYALLA,2010,50,32058,32538,64596,0,0,0,32058,32538,64596
0,WHYALLA,2011,53,33718,34362,68080,0,0,0,33718,34362,68080
0,WHYALLA,2012,52,36163,37030,73193,0,0,0,36163,37030,73193
0,WHYALLA,2013,54,33090,33738,66828,0,0,0,33090,33738,66828
0,WHYALLA,2014,55,30094,30653,60747,0,0,0,30094,30653,60747
0,WHYALLA,2015,50,33062,33817,66879,0,0,0,33062,33817,66879
0,WHYALLA,2016,54,30910,31717,62627,0,0,0,30910,31717,62627
0,WHYALLA,2017,54,31993,32590,64583,0,0,0,31993,32590,64583
0,WHYALLA,2018,52,37523,38437,75960,0,0,0,37523,38437,75960
1,WOLLONGONG,1985,-,704,635,1339,0,0,0,704,635,1339
0,WOLLONGONG,1986,-,536,548,1084,0,0,0,536,548,1084
0,WOLLONGONG,1987,-,381,361,742,0,0,0,381,361,742
0,WOLLONGONG,1988,-,0,0,0,0,0,0,0,0,0
0,WOLLONGONG,1989,-,0,0,0,0,0,0,0,0,0
0,WOLLONGONG,1990,-,0,0,0,0,0,0,0,0,0
0,WOLLONGONG,1991,-,0,0,0,0,0,0,0,0,0
0,WOLLONGONG,1992,-,0,0,0,0,0,0,0,0,0
0,WOLLONGONG,1993,-,0,0,0,0,0,0,0,0,0
0,WOLLONGONG,1994,-,150,150,300,0,0,0,150,150,300
0,WOLLONGONG,1995,-,0,0,0,0,0,0,0,0,0
0,WOLLONGONG,1996,-,0,0,0,0,0,0,0,0,0
0,WOLLONGONG,1997,-,205,205,410,0,0,0,205,205,410
0,WOLLONGONG,1998,-,1341,1341,2682,0,0,0,1341,1341,2682
0,WOLLONGONG,1999,-,2298,2298,4596,0,0,0,2298,2298,4596
0,WOLLONGONG,2000,-,1683,1801,3484,0,0,0,1683,1801,3484
0,WOLLONGONG,2001,-,68,97,165,0,0,0,68,97,165
0,WOLLONGONG,2002,-,0,0,0,0,0,0,0,0,0
0,WOLLONGONG,2003,-,0,0,0,0,0,0,0,0,0
0,WOLLONGONG,2004,-,0,0,0,0,0,0,0,0,0
0,WOLLONGONG,2005,-,4961,4543,9504,0,0,0,4961,4543,9504
0,WOLLONGONG,2006,-,7986,7583,15569,0,0,0,7986,7583,15569
0,WOLLONGONG,2007,-,8266,8359,16625,0,0,0,8266,8359,16625
0,WOLLONGONG,2008,-,4508,4443,8951,0,0,0,4508,4443,8951
0,WOLLONGONG,2009,-,0,0,0,0,0,0,0,0,0
0,WOLLONGONG,2010,-,0,0,0,0,0,0,0,0,0
0,WOLLONGONG,2011,-,0,0,0,0,0,0,0,0,0
0,WOLLONGONG,2012,-,0,0,0,0,0,0,0,0,0
0,WOLLONGONG,2013,-,0,0,0,0,0,0,0,0,0
0,WOLLONGONG,2014,-,0,0,0,0,0,0,0,0,0
0,WOLLONGONG,2015,-,0,0,0,0,0,0,0,0,0
0,WOLLONGONG,2016,-,0,0,0,0,0,0,0,0,0
0,WOLLONGONG,2017,-,2917,2922,5839,0,0,0,2917,2922,5839
0,WOLLONGONG,2018,-,7935,8070,16005,0,0,0,7935,8070,16005
15,103.0294118,,,,,,,,,,,
,33,,,,,,,,,,,
